0 0 0 0 0 0 0 0 0 1 14 23 0 0
0 0 0 0 0 0 0 0 0 1 0 -1 0 0
0 0 0 0 0 0 0 0 0 1 0 -1 0 0
0 0 0 0 0 0 0 0 0 1 0 -1 0 0
0 0 0 0 0 0 0 0 0 1 0 -1 0 0
0 0 0 0 0 0 0 0 0 1 1 0 0 0
0 0 0 0 0 0 0 0 0 1 0 -1 0 0
0 0 0 0 0 0 0 0 0 1 1 0 0 0
0 0 0 0 0 0 0 0 0 1 0 -1 0 0
0 0 0 0 0 0 0 0 0 1 1 -1 0 0
0 0 0 0 0 0 0 0 0 1 0 -1 0 0
0 0 0 0 0 0 0 0 0 1 1 0 0 0
0 0 0 0 0 0 0 0 0 1 0 -1 0 0
0 0 0 0 0 0 0 0 0 1 0 -1 0 0
0 0 0 0 0 0 0 0 0 1 1 0 0 0
0 0 0 0 0 0 0 0 0 1 0 -1 0 0
0 0 0 0 0 0 0 0 0 1 0 -1 0 0
0 0 0 0 0 0 0 0 0 1 0 -1 0 0
0 0 0 0 0 0 0 0 0 1 0 -1 0 0
0 0 0 0 0 0 0 0 0 1 0 -1 0 0
0 0 0 0 0 0 0 0 0 1 -1 0 0 0
0 0 0 0 0 0 0 0 0 1 0 -1 0 0
0 0 0 0 0 0 0 0 0 1 -1 0 0 0
0 0 0 0 0 0 0 0 0 1 -1 0 0 0
0 0 0 0 0 0 0 0 0 1 -1 1 0 0
0 0 0 0 0 0 0 0 0 1 -1 1 0 0
0 0 0 0 0 0 0 0 0 1 0 1 0 0
0 0 0 0 0 0 0 0 0 1 -1 0 0 0
0 0 0 0 0 0 0 0 0 1 0 1 0 0
0 0 0 0 0 0 0 0 0 1 -1 0 0 0
0 0 0 0 0 0 0 0 0 1 0 1 0 0
0 0 0 0 0 0 0 0 0 1 -1 0 0 0
0 0 0 0 0 0 0 0 0 1 0 1 0 0
0 0 0 0 0 0 0 0 0 1 0 1 0 0
0 0 0 0 0 0 0 0 0 1 -1 0 0 0
0 0 0 0 0 0 0 0 0 1 0 1 0 0
0 0 0 0 0 0 0 0 0 1 0 1 0 0
0 0 0 0 0 0 0 0 0 1 -1 1 0 0
0 0 0 0 0 0 0 0 0 1 0 1 0 0
0 0 0 0 0 0 0 0 0 1 0 1 0 0
0 0 0 0 0 0 0 0 0 1 1 0 0 0
0 0 0 0 0 0 0 0 0 1 1 0 0 0
0 0 0 0 0 0 0 0 0 1 1 0 0 0
0 0 0 0 0 0 0 0 0 1 1 0 0 0
0 0 0 0 0 0 0 0 0 1 0 0 1 1
