0 0 0 1 0 0 0 0 0 0 15 14 0 0
0 0 0 1 0 0 0 0 0 0 1 0 0 0
0 0 0 1 0 0 0 0 0 0 1 0 0 0
0 0 0 1 0 0 0 0 0 0 1 0 0 0
0 0 0 1 0 0 0 0 0 0 1 0 0 0
0 0 0 1 0 0 0 0 0 0 1 0 0 0
0 0 0 1 0 0 0 0 0 0 0 1 0 0
0 0 0 1 0 0 0 0 0 0 1 0 0 0
0 0 0 1 0 0 0 0 0 0 0 1 0 0
0 0 0 1 0 0 0 0 0 0 0 1 0 0
0 0 0 1 0 0 0 0 0 0 0 1 0 0
0 0 0 1 0 0 0 0 0 0 0 1 0 0
0 0 0 1 0 0 0 0 0 0 0 1 0 0
0 0 0 1 0 0 0 0 0 0 -1 0 0 0
0 0 0 1 0 0 0 0 0 0 0 1 0 0
0 0 0 1 0 0 0 0 0 0 -1 1 0 0
0 0 0 1 0 0 0 0 0 0 -1 1 0 0
0 0 0 1 0 0 0 0 0 0 -1 0 0 0
0 0 0 1 0 0 0 0 0 0 -1 0 0 0
0 0 0 1 0 0 0 0 0 0 -1 0 0 0
0 0 0 1 0 0 0 0 0 0 -1 1 0 0
0 0 0 1 0 0 0 0 0 0 -1 -1 0 0
0 0 0 1 0 0 0 0 0 0 -1 0 0 0
0 0 0 1 0 0 0 0 0 0 -1 0 0 0
0 0 0 1 0 0 0 0 0 0 -1 0 0 0
0 0 0 1 0 0 0 0 0 0 -1 0 0 0
0 0 0 1 0 0 0 0 0 0 -1 0 0 0
0 0 0 1 0 0 0 0 0 0 0 0 1 0
0 0 0 1 0 0 0 0 0 0 1 -13 0 0
0 0 0 1 0 0 0 0 0 0 1 0 0 0
0 0 0 1 0 0 0 0 0 0 0 -1 0 0
0 0 0 1 0 0 0 0 0 0 1 0 0 0
0 0 0 1 0 0 0 0 0 0 1 0 0 0
0 0 0 1 0 0 0 0 0 0 1 -1 0 0
0 0 0 1 0 0 0 0 0 0 1 0 0 0
0 0 0 1 0 0 0 0 0 0 1 0 0 0
0 0 0 1 0 0 0 0 0 0 1 0 0 0
0 0 0 1 0 0 0 0 0 0 1 -1 0 0
0 0 0 1 0 0 0 0 0 0 1 0 0 0
0 0 0 1 0 0 0 0 0 0 1 1 0 0
0 0 0 1 0 0 0 0 0 0 0 1 0 0
0 0 0 1 0 0 0 0 0 0 0 1 0 0
0 0 0 1 0 0 0 0 0 0 0 1 0 0
0 0 0 1 0 0 0 0 0 0 0 1 0 0
0 0 0 1 0 0 0 0 0 0 0 1 0 0
0 0 0 1 0 0 0 0 0 0 0 0 1 1
