0 0 0 0 0 0 1 0 0 0 23 20 0 0
0 0 0 0 0 0 1 0 0 0 -1 0 0 0
0 0 0 0 0 0 1 0 0 0 -1 0 0 0
0 0 0 0 0 0 1 0 0 0 -1 -1 0 0
0 0 0 0 0 0 1 0 0 0 -1 0 0 0
0 0 0 0 0 0 1 0 0 0 -1 0 0 0
0 0 0 0 0 0 1 0 0 0 -1 0 0 0
0 0 0 0 0 0 1 0 0 0 -1 0 0 0
0 0 0 0 0 0 1 0 0 0 -1 0 0 0
0 0 0 0 0 0 1 0 0 0 -1 0 0 0
0 0 0 0 0 0 1 0 0 0 -1 -1 0 0
0 0 0 0 0 0 1 0 0 0 -1 0 0 0
0 0 0 0 0 0 1 0 0 0 0 -1 0 0
0 0 0 0 0 0 1 0 0 0 0 -1 0 0
0 0 0 0 0 0 1 0 0 0 0 -1 0 0
0 0 0 0 0 0 1 0 0 0 1 0 0 0
0 0 0 0 0 0 1 0 0 0 0 -1 0 0
0 0 0 0 0 0 1 0 0 0 1 0 0 0
0 0 0 0 0 0 1 0 0 0 1 -1 0 0
0 0 0 0 0 0 1 0 0 0 1 0 0 0
0 0 0 0 0 0 1 0 0 0 1 0 0 0
0 0 0 0 0 0 1 0 0 0 1 0 0 0
0 0 0 0 0 0 1 0 0 0 1 0 0 0
0 0 0 0 0 0 1 0 0 0 1 1 0 0
0 0 0 0 0 0 1 0 0 0 0 1 0 0
0 0 0 0 0 0 1 0 0 0 1 1 0 0
0 0 0 0 0 0 1 0 0 0 0 1 0 0
0 0 0 0 0 0 1 0 0 0 0 1 0 0
0 0 0 0 0 0 1 0 0 0 0 0 1 0
0 0 0 0 0 0 1 0 0 0 -10 -2 0 0
0 0 0 0 0 0 1 0 0 0 -1 -1 0 0
0 0 0 0 0 0 1 0 0 0 0 -1 0 0
0 0 0 0 0 0 1 0 0 0 0 -1 0 0
0 0 0 0 0 0 1 0 0 0 0 -1 0 0
0 0 0 0 0 0 1 0 0 0 0 -1 0 0
0 0 0 0 0 0 1 0 0 0 0 -1 0 0
0 0 0 0 0 0 1 0 0 0 1 -1 0 0
0 0 0 0 0 0 1 0 0 0 0 -1 0 0
0 0 0 0 0 0 1 0 0 0 0 -1 0 0
0 0 0 0 0 0 1 0 0 0 1 -1 0 0
0 0 0 0 0 0 1 0 0 0 0 -1 0 0
0 0 0 0 0 0 1 0 0 0 0 -1 0 0
0 0 0 0 0 0 1 0 0 0 1 -1 0 0
0 0 0 0 0 0 1 0 0 0 0 -1 0 0
0 0 0 0 0 0 1 0 0 0 0 -1 0 0
0 0 0 0 0 0 1 0 0 0 1 0 0 0
0 0 0 0 0 0 1 0 0 0 0 0 1 1
