7 20 0 0
0 -1 0 0
1 -1 0 0
0 -1 0 0
1 -1 0 0
1 -1 0 0
0 -1 0 0
0 -1 0 0
0 -1 0 0
0 -1 0 0
1 0 0 0
0 -1 0 0
1 0 0 0
1 0 0 0
1 0 0 0
1 -1 0 0
1 0 0 0
1 0 0 0
1 0 0 0
1 0 0 0
1 0 0 0
1 -1 0 0
1 0 0 0
1 0 0 0
1 0 0 0
0 0 1 0
-2 6 0 0
-1 0 0 0
-1 0 0 0
-1 0 0 0
-1 0 0 0
-1 0 0 0
-1 0 0 0
-1 1 0 0
-1 0 0 0
-1 0 0 0
-1 0 0 0
-1 0 0 0
0 0 1 0
7 8 0 0
1 0 0 0
1 -1 0 0
1 -1 0 0
1 -1 0 0
1 0 0 0
0 -1 0 0
0 -1 0 0
1 0 0 0
0 -1 0 0
0 -1 0 0
0 -1 0 0
-1 0 0 0
0 0 1 0
-5 9 0 0
-1 0 0 0
-1 1 0 0
-1 0 0 0
-1 0 0 0
0 0 1 1
