0 0 0 0 0 0 1 0 0 0 18 14 0 0
0 0 0 0 0 0 1 0 0 0 -1 0 0 0
0 0 0 0 0 0 1 0 0 0 -1 0 0 0
0 0 0 0 0 0 1 0 0 0 -1 0 0 0
0 0 0 0 0 0 1 0 0 0 -1 -1 0 0
0 0 0 0 0 0 1 0 0 0 -1 0 0 0
0 0 0 0 0 0 1 0 0 0 0 -1 0 0
0 0 0 0 0 0 1 0 0 0 1 -1 0 0
0 0 0 0 0 0 1 0 0 0 0 -1 0 0
0 0 0 0 0 0 1 0 0 0 0 -1 0 0
0 0 0 0 0 0 1 0 0 0 1 -1 0 0
0 0 0 0 0 0 1 0 0 0 1 0 0 0
0 0 0 0 0 0 1 0 0 0 0 -1 0 0
0 0 0 0 0 0 1 0 0 0 0 -1 0 0
0 0 0 0 0 0 1 0 0 0 1 0 0 0
0 0 0 0 0 0 1 0 0 0 0 0 1 0
0 0 0 0 0 0 1 0 0 0 -5 8 0 0
0 0 0 0 0 0 1 0 0 0 -1 1 0 0
0 0 0 0 0 0 1 0 0 0 -1 1 0 0
0 0 0 0 0 0 1 0 0 0 0 1 0 0
0 0 0 0 0 0 1 0 0 0 0 1 0 0
0 0 0 0 0 0 1 0 0 0 0 1 0 0
0 0 0 0 0 0 1 0 0 0 1 1 0 0
0 0 0 0 0 0 1 0 0 0 1 0 0 0
0 0 0 0 0 0 1 0 0 0 1 0 0 0
0 0 0 0 0 0 1 0 0 0 1 0 0 0
0 0 0 0 0 0 1 0 0 0 1 1 0 0
0 0 0 0 0 0 1 0 0 0 1 0 0 0
0 0 0 0 0 0 1 0 0 0 1 0 0 0
0 0 0 0 0 0 1 0 0 0 1 0 0 0
0 0 0 0 0 0 1 0 0 0 1 0 0 0
0 0 0 0 0 0 1 0 0 0 1 0 0 0
0 0 0 0 0 0 1 0 0 0 1 0 0 0
0 0 0 0 0 0 1 0 0 0 0 -1 0 0
0 0 0 0 0 0 1 0 0 0 1 -1 0 0
0 0 0 0 0 0 1 0 0 0 0 -1 0 0
0 0 0 0 0 0 1 0 0 0 0 -1 0 0
0 0 0 0 0 0 1 0 0 0 0 0 1 1
