0 0 0 0 0 0 1 0 0 0 21 4 0 0
0 0 0 0 0 0 1 0 0 0 -1 1 0 0
0 0 0 0 0 0 1 0 0 0 -1 0 0 0
0 0 0 0 0 0 1 0 0 0 0 1 0 0
0 0 0 0 0 0 1 0 0 0 -1 0 0 0
0 0 0 0 0 0 1 0 0 0 0 1 0 0
0 0 0 0 0 0 1 0 0 0 -1 0 0 0
0 0 0 0 0 0 1 0 0 0 0 1 0 0
0 0 0 0 0 0 1 0 0 0 -1 0 0 0
0 0 0 0 0 0 1 0 0 0 -1 1 0 0
0 0 0 0 0 0 1 0 0 0 -1 1 0 0
0 0 0 0 0 0 1 0 0 0 -1 1 0 0
0 0 0 0 0 0 1 0 0 0 0 1 0 0
0 0 0 0 0 0 1 0 0 0 0 1 0 0
0 0 0 0 0 0 1 0 0 0 -1 0 0 0
0 0 0 0 0 0 1 0 0 0 0 1 0 0
0 0 0 0 0 0 1 0 0 0 0 1 0 0
0 0 0 0 0 0 1 0 0 0 1 0 0 0
0 0 0 0 0 0 1 0 0 0 0 1 0 0
0 0 0 0 0 0 1 0 0 0 0 1 0 0
0 0 0 0 0 0 1 0 0 0 0 1 0 0
0 0 0 0 0 0 1 0 0 0 0 1 0 0
0 0 0 0 0 0 1 0 0 0 0 1 0 0
0 0 0 0 0 0 1 0 0 0 -1 0 0 0
0 0 0 0 0 0 1 0 0 0 -1 0 0 0
0 0 0 0 0 0 1 0 0 0 0 -1 0 0
0 0 0 0 0 0 1 0 0 0 -1 0 0 0
0 0 0 0 0 0 1 0 0 0 0 -1 0 0
0 0 0 0 0 0 1 0 0 0 0 -1 0 0
0 0 0 0 0 0 1 0 0 0 0 -1 0 0
0 0 0 0 0 0 1 0 0 0 1 0 0 0
0 0 0 0 0 0 1 0 0 0 0 -1 0 0
0 0 0 0 0 0 1 0 0 0 0 0 1 0
0 0 0 0 0 0 1 0 0 0 1 2 0 0
0 0 0 0 0 0 1 0 0 0 0 1 0 0
0 0 0 0 0 0 1 0 0 0 0 1 0 0
0 0 0 0 0 0 1 0 0 0 -1 -1 0 0
0 0 0 0 0 0 1 0 0 0 0 0 1 0
0 0 0 0 0 0 1 0 0 0 3 0 0 0
0 0 0 0 0 0 1 0 0 0 0 1 0 0
0 0 0 0 0 0 1 0 0 0 0 1 0 0
0 0 0 0 0 0 1 0 0 0 1 -1 0 0
0 0 0 0 0 0 1 0 0 0 0 -1 0 0
0 0 0 0 0 0 1 0 0 0 0 -1 0 0
0 0 0 0 0 0 1 0 0 0 -1 0 0 0
0 0 0 0 0 0 1 0 0 0 0 -1 0 0
0 0 0 0 0 0 1 0 0 0 1 0 0 0
0 0 0 0 0 0 1 0 0 0 1 0 0 0
0 0 0 0 0 0 1 0 0 0 1 0 0 0
0 0 0 0 0 0 1 0 0 0 1 0 0 0
0 0 0 0 0 0 1 0 0 0 1 0 0 0
0 0 0 0 0 0 1 0 0 0 -1 1 0 0
0 0 0 0 0 0 1 0 0 0 -1 0 0 0
0 0 0 0 0 0 1 0 0 0 -1 0 0 0
0 0 0 0 0 0 1 0 0 0 0 1 0 0
0 0 0 0 0 0 1 0 0 0 0 0 1 0
0 0 0 0 0 0 1 0 0 0 -2 -3 0 0
0 0 0 0 0 0 1 0 0 0 0 -1 0 0
0 0 0 0 0 0 1 0 0 0 0 0 1 1
