0 0 0 0 0 0 0 1 0 0 22 8 0 0
0 0 0 0 0 0 0 1 0 0 -1 1 0 0
0 0 0 0 0 0 0 1 0 0 -1 0 0 0
0 0 0 0 0 0 0 1 0 0 -1 0 0 0
0 0 0 0 0 0 0 1 0 0 -1 0 0 0
0 0 0 0 0 0 0 1 0 0 -1 0 0 0
0 0 0 0 0 0 0 1 0 0 -1 0 0 0
0 0 0 0 0 0 0 1 0 0 -1 0 0 0
0 0 0 0 0 0 0 1 0 0 -1 1 0 0
0 0 0 0 0 0 0 1 0 0 -1 0 0 0
0 0 0 0 0 0 0 1 0 0 -1 1 0 0
0 0 0 0 0 0 0 1 0 0 -1 1 0 0
0 0 0 0 0 0 0 1 0 0 -1 0 0 0
0 0 0 0 0 0 0 1 0 0 0 1 0 0
0 0 0 0 0 0 0 1 0 0 -1 0 0 0
0 0 0 0 0 0 0 1 0 0 0 0 1 0
0 0 0 0 0 0 0 1 0 0 7 4 0 0
0 0 0 0 0 0 0 1 0 0 0 1 0 0
0 0 0 0 0 0 0 1 0 0 -1 1 0 0
0 0 0 0 0 0 0 1 0 0 -1 1 0 0
0 0 0 0 0 0 0 1 0 0 0 1 0 0
0 0 0 0 0 0 0 1 0 0 -1 1 0 0
0 0 0 0 0 0 0 1 0 0 -1 1 0 0
0 0 0 0 0 0 0 1 0 0 0 1 0 0
0 0 0 0 0 0 0 1 0 0 -1 1 0 0
0 0 0 0 0 0 0 1 0 0 0 1 0 0
0 0 0 0 0 0 0 1 0 0 0 0 1 0
0 0 0 0 0 0 0 1 0 0 6 -10 0 0
0 0 0 0 0 0 0 1 0 0 1 -1 0 0
0 0 0 0 0 0 0 1 0 0 1 -1 0 0
0 0 0 0 0 0 0 1 0 0 0 -1 0 0
0 0 0 0 0 0 0 1 0 0 1 -1 0 0
0 0 0 0 0 0 0 1 0 0 0 -1 0 0
0 0 0 0 0 0 0 1 0 0 1 -1 0 0
0 0 0 0 0 0 0 1 0 0 0 0 1 1
