0 0 0 0 1 0 0 0 0 0 7 17 0 0
0 0 0 0 1 0 0 0 0 0 1 0 0 0
0 0 0 0 1 0 0 0 0 0 1 -1 0 0
0 0 0 0 1 0 0 0 0 0 1 0 0 0
0 0 0 0 1 0 0 0 0 0 1 0 0 0
0 0 0 0 1 0 0 0 0 0 0 -1 0 0
0 0 0 0 1 0 0 0 0 0 0 -1 0 0
0 0 0 0 1 0 0 0 0 0 1 -1 0 0
0 0 0 0 1 0 0 0 0 0 1 0 0 0
0 0 0 0 1 0 0 0 0 0 0 0 1 0
0 0 0 0 1 0 0 0 0 0 0 4 0 0
0 0 0 0 1 0 0 0 0 0 1 0 0 0
0 0 0 0 1 0 0 0 0 0 1 0 0 0
0 0 0 0 1 0 0 0 0 0 1 0 0 0
0 0 0 0 1 0 0 0 0 0 1 0 0 0
0 0 0 0 1 0 0 0 0 0 1 -1 0 0
0 0 0 0 1 0 0 0 0 0 1 0 0 0
0 0 0 0 1 0 0 0 0 0 0 -1 0 0
0 0 0 0 1 0 0 0 0 0 0 -1 0 0
0 0 0 0 1 0 0 0 0 0 1 -1 0 0
0 0 0 0 1 0 0 0 0 0 0 -1 0 0
0 0 0 0 1 0 0 0 0 0 1 0 0 0
0 0 0 0 1 0 0 0 0 0 1 -1 0 0
0 0 0 0 1 0 0 0 0 0 0 -1 0 0
0 0 0 0 1 0 0 0 0 0 0 0 1 0
0 0 0 0 1 0 0 0 0 0 -7 8 0 0
0 0 0 0 1 0 0 0 0 0 0 1 0 0
0 0 0 0 1 0 0 0 0 0 -1 1 0 0
0 0 0 0 1 0 0 0 0 0 0 1 0 0
0 0 0 0 1 0 0 0 0 0 -2 -4 0 0
0 0 0 0 1 0 0 0 0 0 0 0 1 1
