0 0 0 1 0 0 0 0 0 0 13 16 0 0
0 0 0 1 0 0 0 0 0 0 1 0 0 0
0 0 0 1 0 0 0 0 0 0 1 0 0 0
0 0 0 1 0 0 0 0 0 0 1 0 0 0
0 0 0 1 0 0 0 0 0 0 0 1 0 0
0 0 0 1 0 0 0 0 0 0 1 0 0 0
0 0 0 1 0 0 0 0 0 0 0 1 0 0
0 0 0 1 0 0 0 0 0 0 1 1 0 0
0 0 0 1 0 0 0 0 0 0 0 1 0 0
0 0 0 1 0 0 0 0 0 0 0 1 0 0
0 0 0 1 0 0 0 0 0 0 -1 1 0 0
0 0 0 1 0 0 0 0 0 0 0 1 0 0
0 0 0 1 0 0 0 0 0 0 -1 0 0 0
0 0 0 1 0 0 0 0 0 0 -1 0 0 0
0 0 0 1 0 0 0 0 0 0 -1 0 0 0
0 0 0 1 0 0 0 0 0 0 -1 0 0 0
0 0 0 1 0 0 0 0 0 0 -1 0 0 0
0 0 0 1 0 0 0 0 0 0 -1 1 0 0
0 0 0 1 0 0 0 0 0 0 0 0 1 0
0 0 0 1 0 0 0 0 0 0 6 -8 0 0
0 0 0 1 0 0 0 0 0 0 0 -1 0 0
0 0 0 1 0 0 0 0 0 0 -1 0 0 0
0 0 0 1 0 0 0 0 0 0 1 -1 0 0
0 0 0 1 0 0 0 0 0 0 1 -1 0 0
0 0 0 1 0 0 0 0 0 0 0 -1 0 0
0 0 0 1 0 0 0 0 0 0 0 -1 0 0
0 0 0 1 0 0 0 0 0 0 1 -1 0 0
0 0 0 1 0 0 0 0 0 0 -1 -1 0 0
0 0 0 1 0 0 0 0 0 0 0 -1 0 0
0 0 0 1 0 0 0 0 0 0 -1 0 0 0
0 0 0 1 0 0 0 0 0 0 -1 -1 0 0
0 0 0 1 0 0 0 0 0 0 -1 0 0 0
0 0 0 1 0 0 0 0 0 0 -1 0 0 0
0 0 0 1 0 0 0 0 0 0 -1 0 0 0
0 0 0 1 0 0 0 0 0 0 -1 0 0 0
0 0 0 1 0 0 0 0 0 0 -1 0 0 0
0 0 0 1 0 0 0 0 0 0 -1 1 0 0
0 0 0 1 0 0 0 0 0 0 -1 0 0 0
0 0 0 1 0 0 0 0 0 0 -1 0 0 0
0 0 0 1 0 0 0 0 0 0 0 1 0 0
0 0 0 1 0 0 0 0 0 0 0 0 1 1
