0 0 1 0 0 0 0 0 0 0 12 10 0 0
0 0 1 0 0 0 0 0 0 0 1 0 0 0
0 0 1 0 0 0 0 0 0 0 1 -1 0 0
0 0 1 0 0 0 0 0 0 0 1 0 0 0
0 0 1 0 0 0 0 0 0 0 1 0 0 0
0 0 1 0 0 0 0 0 0 0 1 0 0 0
0 0 1 0 0 0 0 0 0 0 1 0 0 0
0 0 1 0 0 0 0 0 0 0 0 1 0 0
0 0 1 0 0 0 0 0 0 0 1 0 0 0
0 0 1 0 0 0 0 0 0 0 0 1 0 0
0 0 1 0 0 0 0 0 0 0 0 1 0 0
0 0 1 0 0 0 0 0 0 0 0 1 0 0
0 0 1 0 0 0 0 0 0 0 0 1 0 0
0 0 1 0 0 0 0 0 0 0 -1 0 0 0
0 0 1 0 0 0 0 0 0 0 0 1 0 0
0 0 1 0 0 0 0 0 0 0 -1 0 0 0
0 0 1 0 0 0 0 0 0 0 0 1 0 0
0 0 1 0 0 0 0 0 0 0 0 1 0 0
0 0 1 0 0 0 0 0 0 0 1 0 0 0
0 0 1 0 0 0 0 0 0 0 1 0 0 0
0 0 1 0 0 0 0 0 0 0 1 1 0 0
0 0 1 0 0 0 0 0 0 0 1 0 0 0
0 0 1 0 0 0 0 0 0 0 1 0 0 0
0 0 1 0 0 0 0 0 0 0 1 0 0 0
0 0 1 0 0 0 0 0 0 0 1 0 0 0
0 0 1 0 0 0 0 0 0 0 0 0 1 0
0 0 1 0 0 0 0 0 0 0 -8 -2 0 0
0 0 1 0 0 0 0 0 0 0 -1 0 0 0
0 0 1 0 0 0 0 0 0 0 -1 0 0 0
0 0 1 0 0 0 0 0 0 0 -1 0 0 0
0 0 1 0 0 0 0 0 0 0 -1 1 0 0
0 0 1 0 0 0 0 0 0 0 0 1 0 0
0 0 1 0 0 0 0 0 0 0 0 1 0 0
0 0 1 0 0 0 0 0 0 0 -1 0 0 0
0 0 1 0 0 0 0 0 0 0 -1 0 0 0
0 0 1 0 0 0 0 0 0 0 0 -1 0 0
0 0 1 0 0 0 0 0 0 0 -1 0 0 0
0 0 1 0 0 0 0 0 0 0 -1 0 0 0
0 0 1 0 0 0 0 0 0 0 -1 0 0 0
0 0 1 0 0 0 0 0 0 0 0 0 1 0
0 0 1 0 0 0 0 0 0 0 3 -1 0 0
0 0 1 0 0 0 0 0 0 0 1 0 0 0
0 0 1 0 0 0 0 0 0 0 0 0 1 1
