0 1 0 0 0 0 0 0 0 0 7 11 0 0
0 1 0 0 0 0 0 0 0 0 0 1 0 0
0 1 0 0 0 0 0 0 0 0 0 1 0 0
0 1 0 0 0 0 0 0 0 0 0 0 1 0
0 1 0 0 0 0 0 0 0 0 5 5 0 0
0 1 0 0 0 0 0 0 0 0 0 1 0 0
0 1 0 0 0 0 0 0 0 0 -1 1 0 0
0 1 0 0 0 0 0 0 0 0 0 1 0 0
0 1 0 0 0 0 0 0 0 0 -1 0 0 0
0 1 0 0 0 0 0 0 0 0 0 1 0 0
0 1 0 0 0 0 0 0 0 0 0 0 1 0
0 1 0 0 0 0 0 0 0 0 3 -4 0 0
0 1 0 0 0 0 0 0 0 0 0 -1 0 0
0 1 0 0 0 0 0 0 0 0 1 -1 0 0
0 1 0 0 0 0 0 0 0 0 0 -1 0 0
0 1 0 0 0 0 0 0 0 0 1 0 0 0
0 1 0 0 0 0 0 0 0 0 0 -1 0 0
0 1 0 0 0 0 0 0 0 0 0 -1 0 0
0 1 0 0 0 0 0 0 0 0 1 0 0 0
0 1 0 0 0 0 0 0 0 0 0 -1 0 0
0 1 0 0 0 0 0 0 0 0 1 0 0 0
0 1 0 0 0 0 0 0 0 0 0 -1 0 0
0 1 0 0 0 0 0 0 0 0 1 -1 0 0
0 1 0 0 0 0 0 0 0 0 0 -1 0 0
0 1 0 0 0 0 0 0 0 0 1 0 0 0
0 1 0 0 0 0 0 0 0 0 0 -1 0 0
0 1 0 0 0 0 0 0 0 0 1 -1 0 0
0 1 0 0 0 0 0 0 0 0 0 -1 0 0
0 1 0 0 0 0 0 0 0 0 0 0 1 1
