0 0 0 1 0 0 0 0 0 0 15 7 0 0
0 0 0 1 0 0 0 0 0 0 1 0 0 0
0 0 0 1 0 0 0 0 0 0 1 0 0 0
0 0 0 1 0 0 0 0 0 0 1 0 0 0
0 0 0 1 0 0 0 0 0 0 1 0 0 0
0 0 0 1 0 0 0 0 0 0 1 1 0 0
0 0 0 1 0 0 0 0 0 0 0 1 0 0
0 0 0 1 0 0 0 0 0 0 0 1 0 0
0 0 0 1 0 0 0 0 0 0 0 1 0 0
0 0 0 1 0 0 0 0 0 0 -1 0 0 0
0 0 0 1 0 0 0 0 0 0 0 1 0 0
0 0 0 1 0 0 0 0 0 0 -1 0 0 0
0 0 0 1 0 0 0 0 0 0 -1 0 0 0
0 0 0 1 0 0 0 0 0 0 -1 0 0 0
0 0 0 1 0 0 0 0 0 0 -1 1 0 0
0 0 0 1 0 0 0 0 0 0 -1 0 0 0
0 0 0 1 0 0 0 0 0 0 -1 0 0 0
0 0 0 1 0 0 0 0 0 0 -1 0 0 0
0 0 0 1 0 0 0 0 0 0 0 1 0 0
0 0 0 1 0 0 0 0 0 0 -1 0 0 0
0 0 0 1 0 0 0 0 0 0 -1 0 0 0
0 0 0 1 0 0 0 0 0 0 0 0 1 0
0 0 0 1 0 0 0 0 0 0 6 6 0 0
0 0 0 1 0 0 0 0 0 0 1 0 0 0
0 0 0 1 0 0 0 0 0 0 0 -1 0 0
0 0 0 1 0 0 0 0 0 0 1 0 0 0
0 0 0 1 0 0 0 0 0 0 0 -1 0 0
0 0 0 1 0 0 0 0 0 0 1 0 0 0
0 0 0 1 0 0 0 0 0 0 1 -1 0 0
0 0 0 1 0 0 0 0 0 0 1 -1 0 0
0 0 0 1 0 0 0 0 0 0 -1 -1 0 0
0 0 0 1 0 0 0 0 0 0 0 -1 0 0
0 0 0 1 0 0 0 0 0 0 0 -1 0 0
0 0 0 1 0 0 0 0 0 0 0 0 1 0
0 0 0 1 0 0 0 0 0 0 -5 8 0 0
0 0 0 1 0 0 0 0 0 0 0 1 0 0
0 0 0 1 0 0 0 0 0 0 -1 0 0 0
0 0 0 1 0 0 0 0 0 0 -1 0 0 0
0 0 0 1 0 0 0 0 0 0 -1 0 0 0
0 0 0 1 0 0 0 0 0 0 -1 0 0 0
0 0 0 1 0 0 0 0 0 0 -1 0 0 0
0 0 0 1 0 0 0 0 0 0 -1 0 0 0
0 0 0 1 0 0 0 0 0 0 -1 0 0 0
0 0 0 1 0 0 0 0 0 0 -1 0 0 0
0 0 0 1 0 0 0 0 0 0 -1 0 0 0
0 0 0 1 0 0 0 0 0 0 -1 -1 0 0
0 0 0 1 0 0 0 0 0 0 0 0 1 1
