0 0 0 0 0 0 1 0 0 0 22 6 0 0
0 0 0 0 0 0 1 0 0 0 -1 0 0 0
0 0 0 0 0 0 1 0 0 0 -1 0 0 0
0 0 0 0 0 0 1 0 0 0 -1 1 0 0
0 0 0 0 0 0 1 0 0 0 -1 0 0 0
0 0 0 0 0 0 1 0 0 0 0 1 0 0
0 0 0 0 0 0 1 0 0 0 -1 0 0 0
0 0 0 0 0 0 1 0 0 0 0 1 0 0
0 0 0 0 0 0 1 0 0 0 -1 0 0 0
0 0 0 0 0 0 1 0 0 0 0 1 0 0
0 0 0 0 0 0 1 0 0 0 -1 0 0 0
0 0 0 0 0 0 1 0 0 0 0 1 0 0
0 0 0 0 0 0 1 0 0 0 -1 0 0 0
0 0 0 0 0 0 1 0 0 0 0 1 0 0
0 0 0 0 0 0 1 0 0 0 -1 1 0 0
0 0 0 0 0 0 1 0 0 0 -1 1 0 0
0 0 0 0 0 0 1 0 0 0 0 1 0 0
0 0 0 0 0 0 1 0 0 0 0 1 0 0
0 0 0 0 0 0 1 0 0 0 0 1 0 0
0 0 0 0 0 0 1 0 0 0 1 0 0 0
0 0 0 0 0 0 1 0 0 0 1 0 0 0
0 0 0 0 0 0 1 0 0 0 0 -1 0 0
0 0 0 0 0 0 1 0 0 0 1 0 0 0
0 0 0 0 0 0 1 0 0 0 0 -1 0 0
0 0 0 0 0 0 1 0 0 0 1 0 0 0
0 0 0 0 0 0 1 0 0 0 0 -1 0 0
0 0 0 0 0 0 1 0 0 0 1 0 0 0
0 0 0 0 0 0 1 0 0 0 1 0 0 0
0 0 0 0 0 0 1 0 0 0 1 -1 0 0
0 0 0 0 0 0 1 0 0 0 1 1 0 0
0 0 0 0 0 0 1 0 0 0 0 1 0 0
0 0 0 0 0 0 1 0 0 0 0 1 0 0
0 0 0 0 0 0 1 0 0 0 -1 0 0 0
0 0 0 0 0 0 1 0 0 0 0 1 0 0
0 0 0 0 0 0 1 0 0 0 0 1 0 0
0 0 0 0 0 0 1 0 0 0 -1 0 0 0
0 0 0 0 0 0 1 0 0 0 0 1 0 0
0 0 0 0 0 0 1 0 0 0 -1 0 0 0
0 0 0 0 0 0 1 0 0 0 0 1 0 0
0 0 0 0 0 0 1 0 0 0 -1 0 0 0
0 0 0 0 0 0 1 0 0 0 -1 0 0 0
0 0 0 0 0 0 1 0 0 0 -1 0 0 0
0 0 0 0 0 0 1 0 0 0 -1 0 0 0
0 0 0 0 0 0 1 0 0 0 -1 0 0 0
0 0 0 0 0 0 1 0 0 0 0 -1 0 0
0 0 0 0 0 0 1 0 0 0 0 -1 0 0
0 0 0 0 0 0 1 0 0 0 0 0 1 0
0 0 0 0 0 0 1 0 0 0 -1 3 0 0
0 0 0 0 0 0 1 0 0 0 0 1 0 0
0 0 0 0 0 0 1 0 0 0 1 1 0 0
0 0 0 0 0 0 1 0 0 0 1 -8 0 0
0 0 0 0 0 0 1 0 0 0 0 0 1 1
