0 0 0 0 0 0 0 1 0 0 5 10 0 0
0 0 0 0 0 0 0 1 0 0 1 0 0 0
0 0 0 0 0 0 0 1 0 0 1 0 0 0
0 0 0 0 0 0 0 1 0 0 1 0 0 0
0 0 0 0 0 0 0 1 0 0 1 0 0 0
0 0 0 0 0 0 0 1 0 0 1 0 0 0
0 0 0 0 0 0 0 1 0 0 1 0 0 0
0 0 0 0 0 0 0 1 0 0 1 0 0 0
0 0 0 0 0 0 0 1 0 0 1 0 0 0
0 0 0 0 0 0 0 1 0 0 1 0 0 0
0 0 0 0 0 0 0 1 0 0 1 0 0 0
0 0 0 0 0 0 0 1 0 0 1 0 0 0
0 0 0 0 0 0 0 1 0 0 1 0 0 0
0 0 0 0 0 0 0 1 0 0 0 1 0 0
0 0 0 0 0 0 0 1 0 0 0 1 0 0
0 0 0 0 0 0 0 1 0 0 0 1 0 0
0 0 0 0 0 0 0 1 0 0 0 1 0 0
0 0 0 0 0 0 0 1 0 0 0 1 0 0
0 0 0 0 0 0 0 1 0 0 0 1 0 0
0 0 0 0 0 0 0 1 0 0 0 1 0 0
0 0 0 0 0 0 0 1 0 0 -1 0 0 0
0 0 0 0 0 0 0 1 0 0 -1 0 0 0
0 0 0 0 0 0 0 1 0 0 -1 0 0 0
0 0 0 0 0 0 0 1 0 0 -1 0 0 0
0 0 0 0 0 0 0 1 0 0 -1 0 0 0
0 0 0 0 0 0 0 1 0 0 -1 0 0 0
0 0 0 0 0 0 0 1 0 0 -1 0 0 0
0 0 0 0 0 0 0 1 0 0 0 0 1 0
0 0 0 0 0 0 0 1 0 0 6 3 0 0
0 0 0 0 0 0 0 1 0 0 0 1 0 0
0 0 0 0 0 0 0 1 0 0 0 1 0 0
0 0 0 0 0 0 0 1 0 0 0 1 0 0
0 0 0 0 0 0 0 1 0 0 0 0 1 0
0 0 0 0 0 0 0 1 0 0 1 -4 0 0
0 0 0 0 0 0 0 1 0 0 0 -1 0 0
0 0 0 0 0 0 0 1 0 0 0 0 1 0
0 0 0 0 0 0 0 1 0 0 1 -2 0 0
0 0 0 0 0 0 0 1 0 0 1 0 0 0
0 0 0 0 0 0 0 1 0 0 1 0 0 0
0 0 0 0 0 0 0 1 0 0 1 0 0 0
0 0 0 0 0 0 0 1 0 0 1 0 0 0
0 0 0 0 0 0 0 1 0 0 1 0 0 0
0 0 0 0 0 0 0 1 0 0 0 0 1 0
0 0 0 0 0 0 0 1 0 0 -5 -7 0 0
0 0 0 0 0 0 0 1 0 0 1 -1 0 0
0 0 0 0 0 0 0 1 0 0 0 0 1 1
