0 0 0 0 0 0 0 0 1 0 13 11 0 0
0 0 0 0 0 0 0 0 1 0 0 -1 0 0
0 0 0 0 0 0 0 0 1 0 0 -1 0 0
0 0 0 0 0 0 0 0 1 0 0 -1 0 0
0 0 0 0 0 0 0 0 1 0 -1 0 0 0
0 0 0 0 0 0 0 0 1 0 -1 0 0 0
0 0 0 0 0 0 0 0 1 0 -1 1 0 0
0 0 0 0 0 0 0 0 1 0 -1 0 0 0
0 0 0 0 0 0 0 0 1 0 -1 1 0 0
0 0 0 0 0 0 0 0 1 0 -1 1 0 0
0 0 0 0 0 0 0 0 1 0 0 1 0 0
0 0 0 0 0 0 0 0 1 0 -1 1 0 0
0 0 0 0 0 0 0 0 1 0 1 1 0 0
0 0 0 0 0 0 0 0 1 0 0 1 0 0
0 0 0 0 0 0 0 0 1 0 1 1 0 0
0 0 0 0 0 0 0 0 1 0 1 0 0 0
0 0 0 0 0 0 0 0 1 0 0 1 0 0
0 0 0 0 0 0 0 0 1 0 0 1 0 0
0 0 0 0 0 0 0 0 1 0 0 1 0 0
0 0 0 0 0 0 0 0 1 0 0 1 0 0
0 0 0 0 0 0 0 0 1 0 0 1 0 0
0 0 0 0 0 0 0 0 1 0 0 1 0 0
0 0 0 0 0 0 0 0 1 0 0 1 0 0
0 0 0 0 0 0 0 0 1 0 0 0 1 0
0 0 0 0 0 0 0 0 1 0 1 -6 0 0
0 0 0 0 0 0 0 0 1 0 1 0 0 0
0 0 0 0 0 0 0 0 1 0 1 0 0 0
0 0 0 0 0 0 0 0 1 0 1 0 0 0
0 0 0 0 0 0 0 0 1 0 1 0 0 0
0 0 0 0 0 0 0 0 1 0 1 -1 0 0
0 0 0 0 0 0 0 0 1 0 1 0 0 0
0 0 0 0 0 0 0 0 1 0 1 0 0 0
0 0 0 0 0 0 0 0 1 0 1 0 0 0
0 0 0 0 0 0 0 0 1 0 1 0 0 0
0 0 0 0 0 0 0 0 1 0 1 0 0 0
0 0 0 0 0 0 0 0 1 0 1 0 0 0
0 0 0 0 0 0 0 0 1 0 1 0 0 0
0 0 0 0 0 0 0 0 1 0 0 1 0 0
0 0 0 0 0 0 0 0 1 0 1 0 0 0
0 0 0 0 0 0 0 0 1 0 1 1 0 0
0 0 0 0 0 0 0 0 1 0 0 1 0 0
0 0 0 0 0 0 0 0 1 0 0 1 0 0
0 0 0 0 0 0 0 0 1 0 0 1 0 0
0 0 0 0 0 0 0 0 1 0 -1 0 0 0
0 0 0 0 0 0 0 0 1 0 0 1 0 0
0 0 0 0 0 0 0 0 1 0 -1 0 0 0
0 0 0 0 0 0 0 0 1 0 -1 1 0 0
0 0 0 0 0 0 0 0 1 0 -1 0 0 0
0 0 0 0 0 0 0 0 1 0 -1 0 0 0
0 0 0 0 0 0 0 0 1 0 0 1 0 0
0 0 0 0 0 0 0 0 1 0 -1 0 0 0
0 0 0 0 0 0 0 0 1 0 -1 0 0 0
0 0 0 0 0 0 0 0 1 0 -1 0 0 0
0 0 0 0 0 0 0 0 1 0 0 0 1 0
0 0 0 0 0 0 0 0 1 0 5 -9 0 0
0 0 0 0 0 0 0 0 1 0 0 -1 0 0
0 0 0 0 0 0 0 0 1 0 1 0 0 0
0 0 0 0 0 0 0 0 1 0 0 -1 0 0
0 0 0 0 0 0 0 0 1 0 0 -1 0 0
0 0 0 0 0 0 0 0 1 0 -1 -1 0 0
0 0 0 0 0 0 0 0 1 0 -1 0 0 0
0 0 0 0 0 0 0 0 1 0 0 -1 0 0
0 0 0 0 0 0 0 0 1 0 -1 0 0 0
0 0 0 0 0 0 0 0 1 0 -1 0 0 0
0 0 0 0 0 0 0 0 1 0 -1 -1 0 0
0 0 0 0 0 0 0 0 1 0 -1 0 0 0
0 0 0 0 0 0 0 0 1 0 -1 0 0 0
0 0 0 0 0 0 0 0 1 0 -1 0 0 0
0 0 0 0 0 0 0 0 1 0 0 0 1 1
