0 0 1 0 0 0 0 0 0 0 9 19 0 0
0 0 1 0 0 0 0 0 0 0 1 0 0 0
0 0 1 0 0 0 0 0 0 0 1 0 0 0
0 0 1 0 0 0 0 0 0 0 1 0 0 0
0 0 1 0 0 0 0 0 0 0 1 0 0 0
0 0 1 0 0 0 0 0 0 0 0 1 0 0
0 0 1 0 0 0 0 0 0 0 0 1 0 0
0 0 1 0 0 0 0 0 0 0 1 1 0 0
0 0 1 0 0 0 0 0 0 0 1 0 0 0
0 0 1 0 0 0 0 0 0 0 1 1 0 0
0 0 1 0 0 0 0 0 0 0 1 0 0 0
0 0 1 0 0 0 0 0 0 0 1 -1 0 0
0 0 1 0 0 0 0 0 0 0 1 0 0 0
0 0 1 0 0 0 0 0 0 0 0 -1 0 0
0 0 1 0 0 0 0 0 0 0 1 -1 0 0
0 0 1 0 0 0 0 0 0 0 0 -1 0 0
0 0 1 0 0 0 0 0 0 0 1 -1 0 0
0 0 1 0 0 0 0 0 0 0 1 -1 0 0
0 0 1 0 0 0 0 0 0 0 0 -1 0 0
0 0 1 0 0 0 0 0 0 0 0 0 1 0
0 0 1 0 0 0 0 0 0 0 -5 -2 0 0
0 0 1 0 0 0 0 0 0 0 0 -1 0 0
0 0 1 0 0 0 0 0 0 0 0 -1 0 0
0 0 1 0 0 0 0 0 0 0 0 -1 0 0
0 0 1 0 0 0 0 0 0 0 1 -1 0 0
0 0 1 0 0 0 0 0 0 0 0 -1 0 0
0 0 1 0 0 0 0 0 0 0 -1 -1 0 0
0 0 1 0 0 0 0 0 0 0 -1 -1 0 0
0 0 1 0 0 0 0 0 0 0 -1 0 0 0
0 0 1 0 0 0 0 0 0 0 0 -1 0 0
0 0 1 0 0 0 0 0 0 0 -1 -1 0 0
0 0 1 0 0 0 0 0 0 0 -1 0 0 0
0 0 1 0 0 0 0 0 0 0 -1 0 0 0
0 0 1 0 0 0 0 0 0 0 -1 1 0 0
0 0 1 0 0 0 0 0 0 0 0 1 0 0
0 0 1 0 0 0 0 0 0 0 0 1 0 0
0 0 1 0 0 0 0 0 0 0 1 1 0 0
0 0 1 0 0 0 0 0 0 0 1 0 0 0
0 0 1 0 0 0 0 0 0 0 1 -1 0 0
0 0 1 0 0 0 0 0 0 0 1 0 0 0
0 0 1 0 0 0 0 0 0 0 0 0 1 0
0 0 1 0 0 0 0 0 0 0 1 6 0 0
0 0 1 0 0 0 0 0 0 0 0 1 0 0
0 0 1 0 0 0 0 0 0 0 0 1 0 0
0 0 1 0 0 0 0 0 0 0 -1 0 0 0
0 0 1 0 0 0 0 0 0 0 0 1 0 0
0 0 1 0 0 0 0 0 0 0 -1 1 0 0
0 0 1 0 0 0 0 0 0 0 -1 0 0 0
0 0 1 0 0 0 0 0 0 0 0 0 1 1
