0 0 0 0 0 0 0 1 0 0 25 12 0 0
0 0 0 0 0 0 0 1 0 0 0 1 0 0
0 0 0 0 0 0 0 1 0 0 0 1 0 0
0 0 0 0 0 0 0 1 0 0 0 1 0 0
0 0 0 0 0 0 0 1 0 0 0 1 0 0
0 0 0 0 0 0 0 1 0 0 0 1 0 0
0 0 0 0 0 0 0 1 0 0 0 1 0 0
0 0 0 0 0 0 0 1 0 0 0 1 0 0
0 0 0 0 0 0 0 1 0 0 0 1 0 0
0 0 0 0 0 0 0 1 0 0 0 1 0 0
0 0 0 0 0 0 0 1 0 0 0 1 0 0
0 0 0 0 0 0 0 1 0 0 0 0 1 0
0 0 0 0 0 0 0 1 0 0 -8 -4 0 0
0 0 0 0 0 0 0 1 0 0 -1 0 0 0
0 0 0 0 0 0 0 1 0 0 0 1 0 0
0 0 0 0 0 0 0 1 0 0 -1 0 0 0
0 0 0 0 0 0 0 1 0 0 0 1 0 0
0 0 0 0 0 0 0 1 0 0 -1 1 0 0
0 0 0 0 0 0 0 1 0 0 0 1 0 0
0 0 0 0 0 0 0 1 0 0 -1 0 0 0
0 0 0 0 0 0 0 1 0 0 0 1 0 0
0 0 0 0 0 0 0 1 0 0 0 1 0 0
0 0 0 0 0 0 0 1 0 0 0 0 1 0
0 0 0 0 0 0 0 1 0 0 4 -7 0 0
0 0 0 0 0 0 0 1 0 0 0 -1 0 0
0 0 0 0 0 0 0 1 0 0 0 -1 0 0
0 0 0 0 0 0 0 1 0 0 1 -1 0 0
0 0 0 0 0 0 0 1 0 0 0 -1 0 0
0 0 0 0 0 0 0 1 0 0 0 -1 0 0
0 0 0 0 0 0 0 1 0 0 0 -1 0 0
0 0 0 0 0 0 0 1 0 0 0 -1 0 0
0 0 0 0 0 0 0 1 0 0 -1 0 0 0
0 0 0 0 0 0 0 1 0 0 -1 -1 0 0
0 0 0 0 0 0 0 1 0 0 -1 0 0 0
0 0 0 0 0 0 0 1 0 0 -1 0 0 0
0 0 0 0 0 0 0 1 0 0 -1 0 0 0
0 0 0 0 0 0 0 1 0 0 -1 0 0 0
0 0 0 0 0 0 0 1 0 0 -1 0 0 0
0 0 0 0 0 0 0 1 0 0 -1 0 0 0
0 0 0 0 0 0 0 1 0 0 -1 0 0 0
0 0 0 0 0 0 0 1 0 0 0 1 0 0
0 0 0 0 0 0 0 1 0 0 -1 0 0 0
0 0 0 0 0 0 0 1 0 0 11 2 0 0
0 0 0 0 0 0 0 1 0 0 0 0 1 1
