10 13 0 0
1 -1 0 0
0 -1 0 0
1 -1 0 0
0 -1 0 0
1 -1 0 0
1 -1 0 0
0 -1 0 0
1 0 0 0
1 -1 0 0
1 0 0 0
1 0 0 0
1 0 0 0
1 0 0 0
1 0 0 0
1 -1 0 0
0 0 1 0
-5 8 0 0
-1 0 0 0
-1 0 0 0
-1 0 0 0
-1 0 0 0
-1 0 0 0
0 0 1 0
6 1 0 0
1 0 0 0
0 1 0 0
1 0 0 0
0 1 0 0
1 0 0 0
0 1 0 0
0 1 0 0
0 1 0 0
0 1 0 0
0 1 0 0
-1 0 0 0
-1 0 0 0
-1 0 0 0
-1 0 0 0
0 1 0 0
0 1 0 0
-1 0 0 0
-1 0 0 0
-1 0 0 0
-1 0 0 0
-1 0 0 0
-1 0 0 0
-1 0 0 0
-1 0 0 0
-1 -1 0 0
0 -1 0 0
0 -1 0 0
0 -1 0 0
1 0 0 0
1 1 0 0
1 0 0 0
1 0 0 0
1 0 0 0
1 0 0 0
1 0 0 0
1 0 0 0
1 0 0 0
0 0 1 1
