0 0 0 0 0 0 0 0 1 0 25 15 0 0
0 0 0 0 0 0 0 0 1 0 -1 1 0 0
0 0 0 0 0 0 0 0 1 0 0 1 0 0
0 0 0 0 0 0 0 0 1 0 -1 1 0 0
0 0 0 0 0 0 0 0 1 0 -1 1 0 0
0 0 0 0 0 0 0 0 1 0 -1 1 0 0
0 0 0 0 0 0 0 0 1 0 -1 0 0 0
0 0 0 0 0 0 0 0 1 0 -1 1 0 0
0 0 0 0 0 0 0 0 1 0 -1 0 0 0
0 0 0 0 0 0 0 0 1 0 0 1 0 0
0 0 0 0 0 0 0 0 1 0 -1 0 0 0
0 0 0 0 0 0 0 0 1 0 -1 0 0 0
0 0 0 0 0 0 0 0 1 0 -1 1 0 0
0 0 0 0 0 0 0 0 1 0 -1 0 0 0
0 0 0 0 0 0 0 0 1 0 -1 0 0 0
0 0 0 0 0 0 0 0 1 0 -1 0 0 0
0 0 0 0 0 0 0 0 1 0 -1 0 0 0
0 0 0 0 0 0 0 0 1 0 0 -1 0 0
0 0 0 0 0 0 0 0 1 0 -1 -1 0 0
0 0 0 0 0 0 0 0 1 0 1 -1 0 0
0 0 0 0 0 0 0 0 1 0 0 -1 0 0
0 0 0 0 0 0 0 0 1 0 0 -1 0 0
0 0 0 0 0 0 0 0 1 0 0 -1 0 0
0 0 0 0 0 0 0 0 1 0 0 -1 0 0
0 0 0 0 0 0 0 0 1 0 -1 0 0 0
0 0 0 0 0 0 0 0 1 0 0 -1 0 0
0 0 0 0 0 0 0 0 1 0 -1 -1 0 0
0 0 0 0 0 0 0 0 1 0 0 -1 0 0
0 0 0 0 0 0 0 0 1 0 1 -1 0 0
0 0 0 0 0 0 0 0 1 0 0 -1 0 0
0 0 0 0 0 0 0 0 1 0 1 0 0 0
0 0 0 0 0 0 0 0 1 0 1 -1 0 0
0 0 0 0 0 0 0 0 1 0 1 -1 0 0
0 0 0 0 0 0 0 0 1 0 1 0 0 0
0 0 0 0 0 0 0 0 1 0 1 0 0 0
0 0 0 0 0 0 0 0 1 0 1 0 0 0
0 0 0 0 0 0 0 0 1 0 0 -1 0 0
0 0 0 0 0 0 0 0 1 0 1 0 0 0
0 0 0 0 0 0 0 0 1 0 1 -1 0 0
0 0 0 0 0 0 0 0 1 0 1 1 0 0
0 0 0 0 0 0 0 0 1 0 0 1 0 0
0 0 0 0 0 0 0 0 1 0 0 1 0 0
0 0 0 0 0 0 0 0 1 0 0 1 0 0
0 0 0 0 0 0 0 0 1 0 -1 1 0 0
0 0 0 0 0 0 0 0 1 0 0 1 0 0
0 0 0 0 0 0 0 0 1 0 -1 0 0 0
0 0 0 0 0 0 0 0 1 0 -1 1 0 0
0 0 0 0 0 0 0 0 1 0 -1 0 0 0
0 0 0 0 0 0 0 0 1 0 0 -1 0 0
0 0 0 0 0 0 0 0 1 0 -1 -1 0 0
0 0 0 0 0 0 0 0 1 0 -1 -1 0 0
0 0 0 0 0 0 0 0 1 0 0 0 1 0
0 0 0 0 0 0 0 0 1 0 1 4 0 0
0 0 0 0 0 0 0 0 1 0 0 1 0 0
0 0 0 0 0 0 0 0 1 0 -1 0 0 0
0 0 0 0 0 0 0 0 1 0 -1 0 0 0
0 0 0 0 0 0 0 0 1 0 3 -1 0 0
0 0 0 0 0 0 0 0 1 0 0 0 1 1
