10 7 0 0
-1 1 0 0
0 1 0 0
-1 1 0 0
0 1 0 0
0 1 0 0
-1 1 0 0
0 1 0 0
0 1 0 0
0 1 0 0
0 1 0 0
1 0 0 0
1 -1 0 0
1 0 0 0
1 0 0 0
0 -1 0 0
1 0 0 0
0 -1 0 0
1 0 0 0
0 -1 0 0
1 0 0 0
1 0 0 0
0 -1 0 0
1 0 0 0
1 0 0 0
1 0 0 0
1 0 0 0
1 1 0 0
0 1 0 0
0 1 0 0
1 1 0 0
0 1 0 0
0 1 0 0
-1 1 0 0
0 1 0 0
0 1 0 0
0 1 0 0
-1 1 0 0
-1 1 0 0
-1 1 0 0
-1 0 0 0
-1 1 0 0
-1 0 0 0
-1 0 0 0
0 0 1 0
-1 -14 0 0
0 -1 0 0
1 -1 0 0
1 0 0 0
1 0 0 0
0 -1 0 0
1 0 0 0
1 0 0 0
1 0 0 0
1 -1 0 0
1 0 0 0
1 0 0 0
1 0 0 0
1 0 0 0
1 1 0 0
-9 2 0 0
0 0 1 1
