0 0 0 0 0 0 1 0 0 0 19 3 0 0
0 0 0 0 0 0 1 0 0 0 0 1 0 0
0 0 0 0 0 0 1 0 0 0 0 1 0 0
0 0 0 0 0 0 1 0 0 0 -1 0 0 0
0 0 0 0 0 0 1 0 0 0 0 1 0 0
0 0 0 0 0 0 1 0 0 0 -1 1 0 0
0 0 0 0 0 0 1 0 0 0 0 1 0 0
0 0 0 0 0 0 1 0 0 0 -1 0 0 0
0 0 0 0 0 0 1 0 0 0 0 1 0 0
0 0 0 0 0 0 1 0 0 0 0 1 0 0
0 0 0 0 0 0 1 0 0 0 -1 0 0 0
0 0 0 0 0 0 1 0 0 0 0 1 0 0
0 0 0 0 0 0 1 0 0 0 -1 1 0 0
0 0 0 0 0 0 1 0 0 0 0 1 0 0
0 0 0 0 0 0 1 0 0 0 -1 1 0 0
0 0 0 0 0 0 1 0 0 0 0 1 0 0
0 0 0 0 0 0 1 0 0 0 -1 1 0 0
0 0 0 0 0 0 1 0 0 0 0 1 0 0
0 0 0 0 0 0 1 0 0 0 1 0 0 0
0 0 0 0 0 0 1 0 0 0 1 0 0 0
0 0 0 0 0 0 1 0 0 0 1 0 0 0
0 0 0 0 0 0 1 0 0 0 1 0 0 0
0 0 0 0 0 0 1 0 0 0 1 0 0 0
0 0 0 0 0 0 1 0 0 0 0 1 0 0
0 0 0 0 0 0 1 0 0 0 1 0 0 0
0 0 0 0 0 0 1 0 0 0 0 1 0 0
0 0 0 0 0 0 1 0 0 0 0 1 0 0
0 0 0 0 0 0 1 0 0 0 0 1 0 0
0 0 0 0 0 0 1 0 0 0 -1 0 0 0
0 0 0 0 0 0 1 0 0 0 0 1 0 0
0 0 0 0 0 0 1 0 0 0 -1 0 0 0
0 0 0 0 0 0 1 0 0 0 -1 0 0 0
0 0 0 0 0 0 1 0 0 0 0 0 1 0
0 0 0 0 0 0 1 0 0 0 -3 -4 0 0
0 0 0 0 0 0 1 0 0 0 -1 0 0 0
0 0 0 0 0 0 1 0 0 0 -1 1 0 0
0 0 0 0 0 0 1 0 0 0 0 1 0 0
0 0 0 0 0 0 1 0 0 0 0 1 0 0
0 0 0 0 0 0 1 0 0 0 0 0 1 1
