0 0 1 0 0 0 0 0 0 0 23 19 0 0
0 0 1 0 0 0 0 0 0 0 -1 0 0 0
0 0 1 0 0 0 0 0 0 0 -1 0 0 0
0 0 1 0 0 0 0 0 0 0 -1 0 0 0
0 0 1 0 0 0 0 0 0 0 -1 0 0 0
0 0 1 0 0 0 0 0 0 0 -1 0 0 0
0 0 1 0 0 0 0 0 0 0 0 -1 0 0
0 0 1 0 0 0 0 0 0 0 0 -1 0 0
0 0 1 0 0 0 0 0 0 0 0 -1 0 0
0 0 1 0 0 0 0 0 0 0 1 0 0 0
0 0 1 0 0 0 0 0 0 0 0 -1 0 0
0 0 1 0 0 0 0 0 0 0 0 -1 0 0
0 0 1 0 0 0 0 0 0 0 1 0 0 0
0 0 1 0 0 0 0 0 0 0 0 -1 0 0
0 0 1 0 0 0 0 0 0 0 0 -1 0 0
0 0 1 0 0 0 0 0 0 0 0 -1 0 0
0 0 1 0 0 0 0 0 0 0 0 -1 0 0
0 0 1 0 0 0 0 0 0 0 0 -1 0 0
0 0 1 0 0 0 0 0 0 0 0 -1 0 0
0 0 1 0 0 0 0 0 0 0 -1 -1 0 0
0 0 1 0 0 0 0 0 0 0 -1 -1 0 0
0 0 1 0 0 0 0 0 0 0 -1 0 0 0
0 0 1 0 0 0 0 0 0 0 -1 0 0 0
0 0 1 0 0 0 0 0 0 0 -1 0 0 0
0 0 1 0 0 0 0 0 0 0 0 -1 0 0
0 0 1 0 0 0 0 0 0 0 -1 0 0 0
0 0 1 0 0 0 0 0 0 0 -1 1 0 0
0 0 1 0 0 0 0 0 0 0 -1 0 0 0
0 0 1 0 0 0 0 0 0 0 0 1 0 0
0 0 1 0 0 0 0 0 0 0 0 1 0 0
0 0 1 0 0 0 0 0 0 0 1 0 0 0
0 0 1 0 0 0 0 0 0 0 1 0 0 0
0 0 1 0 0 0 0 0 0 0 1 0 0 0
0 0 1 0 0 0 0 0 0 0 0 -1 0 0
0 0 1 0 0 0 0 0 0 0 0 0 1 0
0 0 1 0 0 0 0 0 0 0 0 11 0 0
0 0 1 0 0 0 0 0 0 0 -1 0 0 0
0 0 1 0 0 0 0 0 0 0 -1 0 0 0
0 0 1 0 0 0 0 0 0 0 -1 0 0 0
0 0 1 0 0 0 0 0 0 0 -1 1 0 0
0 0 1 0 0 0 0 0 0 0 -1 0 0 0
0 0 1 0 0 0 0 0 0 0 0 1 0 0
0 0 1 0 0 0 0 0 0 0 -1 0 0 0
0 0 1 0 0 0 0 0 0 0 0 1 0 0
0 0 1 0 0 0 0 0 0 0 -1 1 0 0
0 0 1 0 0 0 0 0 0 0 0 1 0 0
0 0 1 0 0 0 0 0 0 0 1 0 0 0
0 0 1 0 0 0 0 0 0 0 1 0 0 0
0 0 1 0 0 0 0 0 0 0 1 0 0 0
0 0 1 0 0 0 0 0 0 0 1 0 0 0
0 0 1 0 0 0 0 0 0 0 0 -1 0 0
0 0 1 0 0 0 0 0 0 0 1 0 0 0
0 0 1 0 0 0 0 0 0 0 0 -1 0 0
0 0 1 0 0 0 0 0 0 0 1 0 0 0
0 0 1 0 0 0 0 0 0 0 1 0 0 0
0 0 1 0 0 0 0 0 0 0 0 -1 0 0
0 0 1 0 0 0 0 0 0 0 0 -1 0 0
0 0 1 0 0 0 0 0 0 0 1 0 0 0
0 0 1 0 0 0 0 0 0 0 1 0 0 0
0 0 1 0 0 0 0 0 0 0 0 0 1 1
