1 0 0 0 0 0 0 0 0 0 16 11 0 0
1 0 0 0 0 0 0 0 0 0 0 -1 0 0
1 0 0 0 0 0 0 0 0 0 0 -1 0 0
1 0 0 0 0 0 0 0 0 0 0 -1 0 0
1 0 0 0 0 0 0 0 0 0 1 0 0 0
1 0 0 0 0 0 0 0 0 0 1 0 0 0
1 0 0 0 0 0 0 0 0 0 1 0 0 0
1 0 0 0 0 0 0 0 0 0 0 1 0 0
1 0 0 0 0 0 0 0 0 0 1 0 0 0
1 0 0 0 0 0 0 0 0 0 0 1 0 0
1 0 0 0 0 0 0 0 0 0 0 1 0 0
1 0 0 0 0 0 0 0 0 0 1 1 0 0
1 0 0 0 0 0 0 0 0 0 0 1 0 0
1 0 0 0 0 0 0 0 0 0 0 1 0 0
1 0 0 0 0 0 0 0 0 0 0 1 0 0
1 0 0 0 0 0 0 0 0 0 0 1 0 0
1 0 0 0 0 0 0 0 0 0 0 1 0 0
1 0 0 0 0 0 0 0 0 0 0 1 0 0
1 0 0 0 0 0 0 0 0 0 -1 1 0 0
1 0 0 0 0 0 0 0 0 0 -1 1 0 0
1 0 0 0 0 0 0 0 0 0 -1 1 0 0
1 0 0 0 0 0 0 0 0 0 -1 0 0 0
1 0 0 0 0 0 0 0 0 0 -1 1 0 0
1 0 0 0 0 0 0 0 0 0 -1 0 0 0
1 0 0 0 0 0 0 0 0 0 -1 0 0 0
1 0 0 0 0 0 0 0 0 0 -1 0 0 0
1 0 0 0 0 0 0 0 0 0 -1 0 0 0
1 0 0 0 0 0 0 0 0 0 -1 0 0 0
1 0 0 0 0 0 0 0 0 0 0 -1 0 0
1 0 0 0 0 0 0 0 0 0 -1 0 0 0
1 0 0 0 0 0 0 0 0 0 0 -1 0 0
1 0 0 0 0 0 0 0 0 0 -1 -1 0 0
1 0 0 0 0 0 0 0 0 0 0 -1 0 0
1 0 0 0 0 0 0 0 0 0 0 -1 0 0
1 0 0 0 0 0 0 0 0 0 0 -1 0 0
1 0 0 0 0 0 0 0 0 0 0 -1 0 0
1 0 0 0 0 0 0 0 0 0 0 -1 0 0
1 0 0 0 0 0 0 0 0 0 1 0 0 0
1 0 0 0 0 0 0 0 0 0 0 -1 0 0
1 0 0 0 0 0 0 0 0 0 0 -1 0 0
1 0 0 0 0 0 0 0 0 0 1 -1 0 0
1 0 0 0 0 0 0 0 0 0 0 -1 0 0
1 0 0 0 0 0 0 0 0 0 0 -1 0 0
1 0 0 0 0 0 0 0 0 0 1 0 0 0
1 0 0 0 0 0 0 0 0 0 0 -1 0 0
1 0 0 0 0 0 0 0 0 0 1 0 0 0
1 0 0 0 0 0 0 0 0 0 1 0 0 0
1 0 0 0 0 0 0 0 0 0 1 0 0 0
1 0 0 0 0 0 0 0 0 0 0 0 1 1
