0 0 0 0 0 0 0 0 0 1 17 24 0 0
0 0 0 0 0 0 0 0 0 1 1 -1 0 0
0 0 0 0 0 0 0 0 0 1 0 -1 0 0
0 0 0 0 0 0 0 0 0 1 0 -1 0 0
0 0 0 0 0 0 0 0 0 1 -1 -1 0 0
0 0 0 0 0 0 0 0 0 1 0 -1 0 0
0 0 0 0 0 0 0 0 0 1 0 -1 0 0
0 0 0 0 0 0 0 0 0 1 0 -1 0 0
0 0 0 0 0 0 0 0 0 1 0 -1 0 0
0 0 0 0 0 0 0 0 0 1 0 -1 0 0
0 0 0 0 0 0 0 0 0 1 -1 -1 0 0
0 0 0 0 0 0 0 0 0 1 -1 0 0 0
0 0 0 0 0 0 0 0 0 1 0 -1 0 0
0 0 0 0 0 0 0 0 0 1 -1 0 0 0
0 0 0 0 0 0 0 0 0 1 0 -1 0 0
0 0 0 0 0 0 0 0 0 1 0 -1 0 0
0 0 0 0 0 0 0 0 0 1 0 -1 0 0
0 0 0 0 0 0 0 0 0 1 1 0 0 0
0 0 0 0 0 0 0 0 0 1 0 1 0 0
0 0 0 0 0 0 0 0 0 1 0 1 0 0
0 0 0 0 0 0 0 0 0 1 1 0 0 0
0 0 0 0 0 0 0 0 0 1 0 1 0 0
0 0 0 0 0 0 0 0 0 1 0 0 1 0
0 0 0 0 0 0 0 0 0 1 0 -2 0 0
0 0 0 0 0 0 0 0 0 1 0 -1 0 0
0 0 0 0 0 0 0 0 0 1 0 0 1 0
0 0 0 0 0 0 0 0 0 1 -3 1 0 0
0 0 0 0 0 0 0 0 0 1 0 1 0 0
0 0 0 0 0 0 0 0 0 1 0 1 0 0
0 0 0 0 0 0 0 0 0 1 1 1 0 0
0 0 0 0 0 0 0 0 0 1 0 0 1 1
