0 0 0 0 1 0 0 0 0 0 9 18 0 0
0 0 0 0 1 0 0 0 0 0 1 -1 0 0
0 0 0 0 1 0 0 0 0 0 1 -1 0 0
0 0 0 0 1 0 0 0 0 0 0 -1 0 0
0 0 0 0 1 0 0 0 0 0 1 0 0 0
0 0 0 0 1 0 0 0 0 0 0 -1 0 0
0 0 0 0 1 0 0 0 0 0 1 0 0 0
0 0 0 0 1 0 0 0 0 0 1 1 0 0
0 0 0 0 1 0 0 0 0 0 1 0 0 0
0 0 0 0 1 0 0 0 0 0 1 1 0 0
0 0 0 0 1 0 0 0 0 0 1 0 0 0
0 0 0 0 1 0 0 0 0 0 0 -1 0 0
0 0 0 0 1 0 0 0 0 0 0 -1 0 0
0 0 0 0 1 0 0 0 0 0 0 -1 0 0
0 0 0 0 1 0 0 0 0 0 1 0 0 0
0 0 0 0 1 0 0 0 0 0 0 -1 0 0
0 0 0 0 1 0 0 0 0 0 0 -1 0 0
0 0 0 0 1 0 0 0 0 0 0 -1 0 0
0 0 0 0 1 0 0 0 0 0 1 0 0 0
0 0 0 0 1 0 0 0 0 0 0 -1 0 0
0 0 0 0 1 0 0 0 0 0 0 -1 0 0
0 0 0 0 1 0 0 0 0 0 1 0 0 0
0 0 0 0 1 0 0 0 0 0 0 -1 0 0
0 0 0 0 1 0 0 0 0 0 0 0 1 0
0 0 0 0 1 0 0 0 0 0 -1 9 0 0
0 0 0 0 1 0 0 0 0 0 -1 0 0 0
0 0 0 0 1 0 0 0 0 0 0 0 1 0
0 0 0 0 1 0 0 0 0 0 -3 1 0 0
0 0 0 0 1 0 0 0 0 0 0 1 0 0
0 0 0 0 1 0 0 0 0 0 0 1 0 0
0 0 0 0 1 0 0 0 0 0 0 1 0 0
0 0 0 0 1 0 0 0 0 0 -1 1 0 0
0 0 0 0 1 0 0 0 0 0 0 1 0 0
0 0 0 0 1 0 0 0 0 0 -1 1 0 0
0 0 0 0 1 0 0 0 0 0 0 0 1 1
