0 0 0 0 0 1 0 0 0 0 18 5 0 0
0 0 0 0 0 1 0 0 0 0 -1 1 0 0
0 0 0 0 0 1 0 0 0 0 0 1 0 0
0 0 0 0 0 1 0 0 0 0 0 1 0 0
0 0 0 0 0 1 0 0 0 0 -1 0 0 0
0 0 0 0 0 1 0 0 0 0 0 1 0 0
0 0 0 0 0 1 0 0 0 0 0 1 0 0
0 0 0 0 0 1 0 0 0 0 -1 0 0 0
0 0 0 0 0 1 0 0 0 0 -1 0 0 0
0 0 0 0 0 1 0 0 0 0 0 1 0 0
0 0 0 0 0 1 0 0 0 0 -1 0 0 0
0 0 0 0 0 1 0 0 0 0 0 1 0 0
0 0 0 0 0 1 0 0 0 0 0 1 0 0
0 0 0 0 0 1 0 0 0 0 1 0 0 0
0 0 0 0 0 1 0 0 0 0 1 0 0 0
0 0 0 0 0 1 0 0 0 0 1 0 0 0
0 0 0 0 0 1 0 0 0 0 1 0 0 0
0 0 0 0 0 1 0 0 0 0 0 1 0 0
0 0 0 0 0 1 0 0 0 0 1 0 0 0
0 0 0 0 0 1 0 0 0 0 0 1 0 0
0 0 0 0 0 1 0 0 0 0 1 0 0 0
0 0 0 0 0 1 0 0 0 0 0 1 0 0
0 0 0 0 0 1 0 0 0 0 1 0 0 0
0 0 0 0 0 1 0 0 0 0 0 1 0 0
0 0 0 0 0 1 0 0 0 0 0 1 0 0
0 0 0 0 0 1 0 0 0 0 0 1 0 0
0 0 0 0 0 1 0 0 0 0 -1 0 0 0
0 0 0 0 0 1 0 0 0 0 0 1 0 0
0 0 0 0 0 1 0 0 0 0 0 1 0 0
0 0 0 0 0 1 0 0 0 0 -1 0 0 0
0 0 0 0 0 1 0 0 0 0 0 1 0 0
0 0 0 0 0 1 0 0 0 0 -1 0 0 0
0 0 0 0 0 1 0 0 0 0 -1 0 0 0
0 0 0 0 0 1 0 0 0 0 0 1 0 0
0 0 0 0 0 1 0 0 0 0 -1 0 0 0
0 0 0 0 0 1 0 0 0 0 -1 0 0 0
0 0 0 0 0 1 0 0 0 0 -1 -1 0 0
0 0 0 0 0 1 0 0 0 0 -1 0 0 0
0 0 0 0 0 1 0 0 0 0 -1 0 0 0
0 0 0 0 0 1 0 0 0 0 -1 0 0 0
0 0 0 0 0 1 0 0 0 0 0 -1 0 0
0 0 0 0 0 1 0 0 0 0 -1 0 0 0
0 0 0 0 0 1 0 0 0 0 -1 0 0 0
0 0 0 0 0 1 0 0 0 0 0 -1 0 0
0 0 0 0 0 1 0 0 0 0 -1 0 0 0
0 0 0 0 0 1 0 0 0 0 0 -1 0 0
0 0 0 0 0 1 0 0 0 0 0 -1 0 0
0 0 0 0 0 1 0 0 0 0 0 0 1 0
0 0 0 0 0 1 0 0 0 0 4 -4 0 0
0 0 0 0 0 1 0 0 0 0 1 0 0 0
0 0 0 0 0 1 0 0 0 0 0 0 1 0
0 0 0 0 0 1 0 0 0 0 4 -3 0 0
0 0 0 0 0 1 0 0 0 0 1 0 0 0
0 0 0 0 0 1 0 0 0 0 1 0 0 0
0 0 0 0 0 1 0 0 0 0 1 0 0 0
0 0 0 0 0 1 0 0 0 0 1 0 0 0
0 0 0 0 0 1 0 0 0 0 1 0 0 0
0 0 0 0 0 1 0 0 0 0 0 -1 0 0
0 0 0 0 0 1 0 0 0 0 0 -1 0 0
0 0 0 0 0 1 0 0 0 0 -4 3 0 0
0 0 0 0 0 1 0 0 0 0 0 0 1 1
