7 14 0 0
1 0 0 0
1 -1 0 0
1 0 0 0
1 0 0 0
1 0 0 0
1 0 0 0
1 -1 0 0
1 0 0 0
0 -1 0 0
0 -1 0 0
1 0 0 0
0 -1 0 0
1 0 0 0
1 0 0 0
0 -1 0 0
1 -1 0 0
0 -1 0 0
0 -1 0 0
-1 -1 0 0
-1 0 0 0
-1 0 0 0
-1 0 0 0
-1 0 0 0
-1 0 0 0
0 1 0 0
-1 0 0 0
-1 0 0 0
0 1 0 0
0 0 1 0
4 7 0 0
1 0 0 0
1 0 0 0
0 1 0 0
1 0 0 0
1 0 0 0
0 1 0 0
1 0 0 0
0 1 0 0
1 0 0 0
0 1 0 0
0 1 0 0
0 1 0 0
0 1 0 0
-1 0 0 0
-1 0 0 0
0 1 0 0
-1 1 0 0
-1 0 0 0
-1 0 0 0
-1 0 0 0
0 -1 0 0
0 -1 0 0
0 -1 0 0
1 0 0 0
1 0 0 0
1 0 0 0
0 0 1 0
-4 2 0 0
-1 0 0 0
-1 0 0 0
-1 0 0 0
-1 0 0 0
-1 0 0 0
-1 1 0 0
0 0 1 1
