0 0 0 0 0 1 0 0 0 0 11 13 0 0
0 0 0 0 0 1 0 0 0 0 1 -1 0 0
0 0 0 0 0 1 0 0 0 0 1 -1 0 0
0 0 0 0 0 1 0 0 0 0 0 -1 0 0
0 0 0 0 0 1 0 0 0 0 1 0 0 0
0 0 0 0 0 1 0 0 0 0 1 -1 0 0
0 0 0 0 0 1 0 0 0 0 1 0 0 0
0 0 0 0 0 1 0 0 0 0 1 0 0 0
0 0 0 0 0 1 0 0 0 0 1 -1 0 0
0 0 0 0 0 1 0 0 0 0 1 0 0 0
0 0 0 0 0 1 0 0 0 0 1 0 0 0
0 0 0 0 0 1 0 0 0 0 1 -1 0 0
0 0 0 0 0 1 0 0 0 0 1 0 0 0
0 0 0 0 0 1 0 0 0 0 1 0 0 0
0 0 0 0 0 1 0 0 0 0 1 0 0 0
0 0 0 0 0 1 0 0 0 0 1 0 0 0
0 0 0 0 0 1 0 0 0 0 0 0 1 0
0 0 0 0 0 1 0 0 0 0 -8 8 0 0
0 0 0 0 0 1 0 0 0 0 0 1 0 0
0 0 0 0 0 1 0 0 0 0 0 1 0 0
0 0 0 0 0 1 0 0 0 0 0 1 0 0
0 0 0 0 0 1 0 0 0 0 -1 1 0 0
0 0 0 0 0 1 0 0 0 0 -1 1 0 0
0 0 0 0 0 1 0 0 0 0 -1 0 0 0
0 0 0 0 0 1 0 0 0 0 -1 0 0 0
0 0 0 0 0 1 0 0 0 0 -1 0 0 0
0 0 0 0 0 1 0 0 0 0 0 0 1 0
0 0 0 0 0 1 0 0 0 0 2 -6 0 0
0 0 0 0 0 1 0 0 0 0 1 0 0 0
0 0 0 0 0 1 0 0 0 0 1 0 0 0
0 0 0 0 0 1 0 0 0 0 -3 -1 0 0
0 0 0 0 0 1 0 0 0 0 0 0 1 1
