7 11 0 0
0 1 0 0
0 1 0 0
0 1 0 0
0 1 0 0
0 1 0 0
0 1 0 0
0 1 0 0
1 1 0 0
1 1 0 0
0 1 0 0
1 0 0 0
0 1 0 0
1 0 0 0
1 1 0 0
1 0 0 0
1 1 0 0
1 -1 0 0
1 0 0 0
1 0 0 0
1 -1 0 0
1 -1 0 0
0 -1 0 0
1 0 0 0
0 -1 0 0
1 -1 0 0
0 -1 0 0
0 -1 0 0
0 -1 0 0
0 -1 0 0
0 -1 0 0
0 -1 0 0
0 -1 0 0
0 -1 0 0
-1 -1 0 0
-1 0 0 0
-1 0 0 0
-1 0 0 0
0 -1 0 0
-1 0 0 0
-1 -1 0 0
-1 0 0 0
-1 0 0 0
-1 0 0 0
-1 0 0 0
-1 1 0 0
-1 1 0 0
-1 1 0 0
0 1 0 0
0 0 1 0
3 3 0 0
1 0 0 0
1 0 0 0
1 0 0 0
1 0 0 0
0 -1 0 0
1 0 0 0
0 -1 0 0
0 -1 0 0
1 -1 0 0
0 0 1 0
-7 5 0 0
-1 0 0 0
-1 0 0 0
0 0 1 1
