0 0 1 0 0 0 0 0 0 0 11 19 0 0
0 0 1 0 0 0 0 0 0 0 1 0 0 0
0 0 1 0 0 0 0 0 0 0 1 -1 0 0
0 0 1 0 0 0 0 0 0 0 1 0 0 0
0 0 1 0 0 0 0 0 0 0 1 0 0 0
0 0 1 0 0 0 0 0 0 0 0 -1 0 0
0 0 1 0 0 0 0 0 0 0 1 0 0 0
0 0 1 0 0 0 0 0 0 0 0 -1 0 0
0 0 1 0 0 0 0 0 0 0 0 -1 0 0
0 0 1 0 0 0 0 0 0 0 0 -1 0 0
0 0 1 0 0 0 0 0 0 0 1 0 0 0
0 0 1 0 0 0 0 0 0 0 0 -1 0 0
0 0 1 0 0 0 0 0 0 0 0 -1 0 0
0 0 1 0 0 0 0 0 0 0 0 -1 0 0
0 0 1 0 0 0 0 0 0 0 0 -1 0 0
0 0 1 0 0 0 0 0 0 0 -1 -1 0 0
0 0 1 0 0 0 0 0 0 0 0 -1 0 0
0 0 1 0 0 0 0 0 0 0 0 -1 0 0
0 0 1 0 0 0 0 0 0 0 -1 -1 0 0
0 0 1 0 0 0 0 0 0 0 -1 0 0 0
0 0 1 0 0 0 0 0 0 0 -1 0 0 0
0 0 1 0 0 0 0 0 0 0 0 1 0 0
0 0 1 0 0 0 0 0 0 0 0 0 1 0
0 0 1 0 0 0 0 0 0 0 3 12 0 0
0 0 1 0 0 0 0 0 0 0 1 0 0 0
0 0 1 0 0 0 0 0 0 0 1 1 0 0
0 0 1 0 0 0 0 0 0 0 0 1 0 0
0 0 1 0 0 0 0 0 0 0 1 1 0 0
0 0 1 0 0 0 0 0 0 0 1 1 0 0
0 0 1 0 0 0 0 0 0 0 0 0 1 1
