6 15 0 0
1 -1 0 0
1 -1 0 0
1 0 0 0
1 0 0 0
0 -1 0 0
0 -1 0 0
1 0 0 0
0 -1 0 0
0 -1 0 0
0 -1 0 0
1 -1 0 0
1 0 0 0
1 0 0 0
1 0 0 0
1 0 0 0
1 0 0 0
1 0 0 0
1 0 0 0
1 0 0 0
1 0 0 0
1 0 0 0
1 0 0 0
1 0 0 0
0 0 1 0
-5 7 0 0
-1 0 0 0
-1 -1 0 0
-1 0 0 0
-1 0 0 0
-1 0 0 0
-1 0 0 0
-1 0 0 0
-1 0 0 0
0 0 1 0
-2 7 0 0
0 1 0 0
0 1 0 0
1 0 0 0
0 1 0 0
1 0 0 0
1 0 0 0
1 0 0 0
1 0 0 0
1 0 0 0
1 0 0 0
1 0 0 0
1 0 0 0
1 0 0 0
1 -1 0 0
1 0 0 0
1 -1 0 0
0 -1 0 0
0 -1 0 0
0 -1 0 0
0 -1 0 0
0 -1 0 0
-1 -1 0 0
-1 0 0 0
0 0 1 1
