0 0 0 0 0 0 0 1 0 0 21 10 0 0
0 0 0 0 0 0 0 1 0 0 -1 0 0 0
0 0 0 0 0 0 0 1 0 0 -1 0 0 0
0 0 0 0 0 0 0 1 0 0 -1 0 0 0
0 0 0 0 0 0 0 1 0 0 -1 0 0 0
0 0 0 0 0 0 0 1 0 0 -1 0 0 0
0 0 0 0 0 0 0 1 0 0 -1 0 0 0
0 0 0 0 0 0 0 1 0 0 -1 0 0 0
0 0 0 0 0 0 0 1 0 0 -1 0 0 0
0 0 0 0 0 0 0 1 0 0 -1 0 0 0
0 0 0 0 0 0 0 1 0 0 -1 1 0 0
0 0 0 0 0 0 0 1 0 0 -1 0 0 0
0 0 0 0 0 0 0 1 0 0 0 1 0 0
0 0 0 0 0 0 0 1 0 0 0 1 0 0
0 0 0 0 0 0 0 1 0 0 -1 0 0 0
0 0 0 0 0 0 0 1 0 0 0 0 1 0
0 0 0 0 0 0 0 1 0 0 7 5 0 0
0 0 0 0 0 0 0 1 0 0 0 1 0 0
0 0 0 0 0 0 0 1 0 0 -1 1 0 0
0 0 0 0 0 0 0 1 0 0 0 1 0 0
0 0 0 0 0 0 0 1 0 0 -1 0 0 0
0 0 0 0 0 0 0 1 0 0 0 1 0 0
0 0 0 0 0 0 0 1 0 0 0 1 0 0
0 0 0 0 0 0 0 1 0 0 0 1 0 0
0 0 0 0 0 0 0 1 0 0 0 0 1 0
0 0 0 0 0 0 0 1 0 0 3 -6 0 0
0 0 0 0 0 0 0 1 0 0 0 -1 0 0
0 0 0 0 0 0 0 1 0 0 0 -1 0 0
0 0 0 0 0 0 0 1 0 0 1 0 0 0
0 0 0 0 0 0 0 1 0 0 0 -1 0 0
0 0 0 0 0 0 0 1 0 0 1 0 0 0
0 0 0 0 0 0 0 1 0 0 0 -1 0 0
0 0 0 0 0 0 0 1 0 0 0 -1 0 0
0 0 0 0 0 0 0 1 0 0 0 -1 0 0
0 0 0 0 0 0 0 1 0 0 0 -1 0 0
0 0 0 0 0 0 0 1 0 0 0 0 1 1
