0 0 0 0 1 0 0 0 0 0 18 6 0 0
0 0 0 0 1 0 0 0 0 0 0 1 0 0
0 0 0 0 1 0 0 0 0 0 0 1 0 0
0 0 0 0 1 0 0 0 0 0 0 1 0 0
0 0 0 0 1 0 0 0 0 0 -1 0 0 0
0 0 0 0 1 0 0 0 0 0 0 1 0 0
0 0 0 0 1 0 0 0 0 0 0 1 0 0
0 0 0 0 1 0 0 0 0 0 0 1 0 0
0 0 0 0 1 0 0 0 0 0 0 1 0 0
0 0 0 0 1 0 0 0 0 0 0 1 0 0
0 0 0 0 1 0 0 0 0 0 0 1 0 0
0 0 0 0 1 0 0 0 0 0 0 1 0 0
0 0 0 0 1 0 0 0 0 0 1 0 0 0
0 0 0 0 1 0 0 0 0 0 1 0 0 0
0 0 0 0 1 0 0 0 0 0 1 0 0 0
0 0 0 0 1 0 0 0 0 0 1 0 0 0
0 0 0 0 1 0 0 0 0 0 0 0 1 0
0 0 0 0 1 0 0 0 0 0 -4 1 0 0
0 0 0 0 1 0 0 0 0 0 -1 1 0 0
0 0 0 0 1 0 0 0 0 0 0 1 0 0
0 0 0 0 1 0 0 0 0 0 0 1 0 0
0 0 0 0 1 0 0 0 0 0 0 1 0 0
0 0 0 0 1 0 0 0 0 0 0 1 0 0
0 0 0 0 1 0 0 0 0 0 0 1 0 0
0 0 0 0 1 0 0 0 0 0 0 1 0 0
0 0 0 0 1 0 0 0 0 0 0 0 1 0
0 0 0 0 1 0 0 0 0 0 0 -8 0 0
0 0 0 0 1 0 0 0 0 0 -1 0 0 0
0 0 0 0 1 0 0 0 0 0 -1 0 0 0
0 0 0 0 1 0 0 0 0 0 -1 -1 0 0
0 0 0 0 1 0 0 0 0 0 -1 0 0 0
0 0 0 0 1 0 0 0 0 0 -1 0 0 0
0 0 0 0 1 0 0 0 0 0 -1 0 0 0
0 0 0 0 1 0 0 0 0 0 -1 0 0 0
0 0 0 0 1 0 0 0 0 0 -1 1 0 0
0 0 0 0 1 0 0 0 0 0 0 0 1 0
0 0 0 0 1 0 0 0 0 0 3 -2 0 0
0 0 0 0 1 0 0 0 0 0 0 -1 0 0
0 0 0 0 1 0 0 0 0 0 1 0 0 0
0 0 0 0 1 0 0 0 0 0 0 -1 0 0
0 0 0 0 1 0 0 0 0 0 1 0 0 0
0 0 0 0 1 0 0 0 0 0 0 -1 0 0
0 0 0 0 1 0 0 0 0 0 1 0 0 0
0 0 0 0 1 0 0 0 0 0 1 -1 0 0
0 0 0 0 1 0 0 0 0 0 1 -1 0 0
0 0 0 0 1 0 0 0 0 0 0 0 1 1
