8 12 0 0
1 0 0 0
1 0 0 0
0 -1 0 0
0 -1 0 0
0 -1 0 0
0 -1 0 0
0 -1 0 0
0 -1 0 0
1 0 0 0
0 -1 0 0
1 0 0 0
1 0 0 0
1 0 0 0
1 0 0 0
1 0 0 0
1 1 0 0
1 0 0 0
1 0 0 0
1 0 0 0
1 0 0 0
1 0 0 0
1 0 0 0
1 0 0 0
1 1 0 0
0 0 1 0
-6 10 0 0
0 1 0 0
1 0 0 0
0 1 0 0
1 0 0 0
0 1 0 0
0 1 0 0
0 1 0 0
-1 1 0 0
-1 0 0 0
-1 0 0 0
-1 0 0 0
-1 0 0 0
-1 0 0 0
-1 0 0 0
-1 0 0 0
-1 0 0 0
-1 0 0 0
-1 0 0 0
-1 -1 0 0
-1 0 0 0
0 0 1 0
4 -8 0 0
1 0 0 0
1 0 0 0
1 1 0 0
1 0 0 0
0 1 0 0
1 0 0 0
1 1 0 0
0 0 1 0
-6 -4 0 0
-1 0 0 0
0 -1 0 0
0 0 1 1
