7 11 0 0
0 1 0 0
1 1 0 0
0 1 0 0
1 1 0 0
1 0 0 0
1 0 0 0
1 0 0 0
0 1 0 0
0 1 0 0
0 1 0 0
-1 1 0 0
-1 1 0 0
0 1 0 0
0 1 0 0
1 1 0 0
1 1 0 0
1 0 0 0
1 0 0 0
1 0 0 0
1 0 0 0
1 0 0 0
1 0 0 0
1 -1 0 0
1 0 0 0
1 0 0 0
0 -1 0 0
1 0 0 0
0 -1 0 0
0 -1 0 0
0 -1 0 0
0 -1 0 0
0 -1 0 0
0 -1 0 0
0 -1 0 0
0 -1 0 0
-1 0 0 0
-1 0 0 0
-1 -1 0 0
-1 0 0 0
0 1 0 0
-1 0 0 0
-1 0 0 0
-1 1 0 0
-1 0 0 0
-1 0 0 0
0 0 1 0
-4 -5 0 0
0 -1 0 0
1 0 0 0
0 -1 0 0
1 0 0 0
1 0 0 0
1 0 0 0
0 -1 0 0
1 0 0 0
1 0 0 0
1 0 0 0
1 0 0 0
1 0 0 0
1 1 0 0
1 0 0 0
0 1 0 0
0 1 0 0
0 1 0 0
0 1 0 0
-12 -2 0 0
0 0 1 1
