0 0 1 0 0 0 0 0 0 0 8 22 0 0
0 0 1 0 0 0 0 0 0 0 1 0 0 0
0 0 1 0 0 0 0 0 0 0 1 -1 0 0
0 0 1 0 0 0 0 0 0 0 1 0 0 0
0 0 1 0 0 0 0 0 0 0 1 0 0 0
0 0 1 0 0 0 0 0 0 0 1 -1 0 0
0 0 1 0 0 0 0 0 0 0 1 1 0 0
0 0 1 0 0 0 0 0 0 0 1 0 0 0
0 0 1 0 0 0 0 0 0 0 1 0 0 0
0 0 1 0 0 0 0 0 0 0 1 -1 0 0
0 0 1 0 0 0 0 0 0 0 1 0 0 0
0 0 1 0 0 0 0 0 0 0 1 0 0 0
0 0 1 0 0 0 0 0 0 0 1 0 0 0
0 0 1 0 0 0 0 0 0 0 1 0 0 0
0 0 1 0 0 0 0 0 0 0 1 0 0 0
0 0 1 0 0 0 0 0 0 0 0 0 1 0
0 0 1 0 0 0 0 0 0 0 -6 -4 0 0
0 0 1 0 0 0 0 0 0 0 0 -1 0 0
0 0 1 0 0 0 0 0 0 0 1 -1 0 0
0 0 1 0 0 0 0 0 0 0 1 -1 0 0
0 0 1 0 0 0 0 0 0 0 1 -1 0 0
0 0 1 0 0 0 0 0 0 0 0 -1 0 0
0 0 1 0 0 0 0 0 0 0 0 -1 0 0
0 0 1 0 0 0 0 0 0 0 1 -1 0 0
0 0 1 0 0 0 0 0 0 0 0 -1 0 0
0 0 1 0 0 0 0 0 0 0 -1 -1 0 0
0 0 1 0 0 0 0 0 0 0 0 -1 0 0
0 0 1 0 0 0 0 0 0 0 -1 0 0 0
0 0 1 0 0 0 0 0 0 0 -1 0 0 0
0 0 1 0 0 0 0 0 0 0 -1 1 0 0
0 0 1 0 0 0 0 0 0 0 -1 0 0 0
0 0 1 0 0 0 0 0 0 0 -1 0 0 0
0 0 1 0 0 0 0 0 0 0 -1 0 0 0
0 0 1 0 0 0 0 0 0 0 -1 0 0 0
0 0 1 0 0 0 0 0 0 0 0 1 0 0
0 0 1 0 0 0 0 0 0 0 0 0 1 0
0 0 1 0 0 0 0 0 0 0 3 8 0 0
0 0 1 0 0 0 0 0 0 0 0 1 0 0
0 0 1 0 0 0 0 0 0 0 -1 0 0 0
0 0 1 0 0 0 0 0 0 0 0 1 0 0
0 0 1 0 0 0 0 0 0 0 0 1 0 0
0 0 1 0 0 0 0 0 0 0 0 0 1 1
