0 0 0 0 0 1 0 0 0 0 8 16 0 0
0 0 0 0 0 1 0 0 0 0 1 -1 0 0
0 0 0 0 0 1 0 0 0 0 0 -1 0 0
0 0 0 0 0 1 0 0 0 0 0 -1 0 0
0 0 0 0 0 1 0 0 0 0 1 0 0 0
0 0 0 0 0 1 0 0 0 0 1 -1 0 0
0 0 0 0 0 1 0 0 0 0 1 -1 0 0
0 0 0 0 0 1 0 0 0 0 0 -1 0 0
0 0 0 0 0 1 0 0 0 0 0 -1 0 0
0 0 0 0 0 1 0 0 0 0 1 -1 0 0
0 0 0 0 0 1 0 0 0 0 1 0 0 0
0 0 0 0 0 1 0 0 0 0 1 0 0 0
0 0 0 0 0 1 0 0 0 0 1 -1 0 0
0 0 0 0 0 1 0 0 0 0 1 0 0 0
0 0 0 0 0 1 0 0 0 0 1 0 0 0
0 0 0 0 0 1 0 0 0 0 1 0 0 0
0 0 0 0 0 1 0 0 0 0 1 0 0 0
0 0 0 0 0 1 0 0 0 0 1 1 0 0
0 0 0 0 0 1 0 0 0 0 0 0 1 0
0 0 0 0 0 1 0 0 0 0 -3 7 0 0
0 0 0 0 0 1 0 0 0 0 -1 0 0 0
0 0 0 0 0 1 0 0 0 0 -1 0 0 0
0 0 0 0 0 1 0 0 0 0 -1 0 0 0
0 0 0 0 0 1 0 0 0 0 -1 0 0 0
0 0 0 0 0 1 0 0 0 0 -1 0 0 0
0 0 0 0 0 1 0 0 0 0 -1 0 0 0
0 0 0 0 0 1 0 0 0 0 -1 0 0 0
0 0 0 0 0 1 0 0 0 0 -1 0 0 0
0 0 0 0 0 1 0 0 0 0 0 0 1 0
0 0 0 0 0 1 0 0 0 0 9 1 0 0
0 0 0 0 0 1 0 0 0 0 1 0 0 0
0 0 0 0 0 1 0 0 0 0 0 1 0 0
0 0 0 0 0 1 0 0 0 0 1 1 0 0
0 0 0 0 0 1 0 0 0 0 0 1 0 0
0 0 0 0 0 1 0 0 0 0 0 1 0 0
0 0 0 0 0 1 0 0 0 0 -1 1 0 0
0 0 0 0 0 1 0 0 0 0 0 1 0 0
0 0 0 0 0 1 0 0 0 0 0 1 0 0
0 0 0 0 0 1 0 0 0 0 0 1 0 0
0 0 0 0 0 1 0 0 0 0 -1 0 0 0
0 0 0 0 0 1 0 0 0 0 0 1 0 0
0 0 0 0 0 1 0 0 0 0 -1 0 0 0
0 0 0 0 0 1 0 0 0 0 -1 0 0 0
0 0 0 0 0 1 0 0 0 0 -1 0 0 0
0 0 0 0 0 1 0 0 0 0 -1 0 0 0
0 0 0 0 0 1 0 0 0 0 -1 0 0 0
0 0 0 0 0 1 0 0 0 0 0 0 1 1
