0 0 0 0 0 0 0 0 1 0 10 20 0 0
0 0 0 0 0 0 0 0 1 0 -1 -1 0 0
0 0 0 0 0 0 0 0 1 0 0 -1 0 0
0 0 0 0 0 0 0 0 1 0 0 -1 0 0
0 0 0 0 0 0 0 0 1 0 1 -1 0 0
0 0 0 0 0 0 0 0 1 0 0 -1 0 0
0 0 0 0 0 0 0 0 1 0 0 -1 0 0
0 0 0 0 0 0 0 0 1 0 -1 -1 0 0
0 0 0 0 0 0 0 0 1 0 -1 -1 0 0
0 0 0 0 0 0 0 0 1 0 0 -1 0 0
0 0 0 0 0 0 0 0 1 0 0 -1 0 0
0 0 0 0 0 0 0 0 1 0 0 -1 0 0
0 0 0 0 0 0 0 0 1 0 1 0 0 0
0 0 0 0 0 0 0 0 1 0 0 -1 0 0
0 0 0 0 0 0 0 0 1 0 1 0 0 0
0 0 0 0 0 0 0 0 1 0 1 0 0 0
0 0 0 0 0 0 0 0 1 0 0 -1 0 0
0 0 0 0 0 0 0 0 1 0 1 0 0 0
0 0 0 0 0 0 0 0 1 0 1 0 0 0
0 0 0 0 0 0 0 0 1 0 1 -1 0 0
0 0 0 0 0 0 0 0 1 0 1 0 0 0
0 0 0 0 0 0 0 0 1 0 1 0 0 0
0 0 0 0 0 0 0 0 1 0 1 0 0 0
0 0 0 0 0 0 0 0 1 0 1 0 0 0
0 0 0 0 0 0 0 0 1 0 1 1 0 0
0 0 0 0 0 0 0 0 1 0 1 1 0 0
0 0 0 0 0 0 0 0 1 0 1 1 0 0
0 0 0 0 0 0 0 0 1 0 0 1 0 0
0 0 0 0 0 0 0 0 1 0 0 1 0 0
0 0 0 0 0 0 0 0 1 0 0 1 0 0
0 0 0 0 0 0 0 0 1 0 -1 0 0 0
0 0 0 0 0 0 0 0 1 0 -1 0 0 0
0 0 0 0 0 0 0 0 1 0 0 1 0 0
0 0 0 0 0 0 0 0 1 0 -1 0 0 0
0 0 0 0 0 0 0 0 1 0 -1 0 0 0
0 0 0 0 0 0 0 0 1 0 -1 1 0 0
0 0 0 0 0 0 0 0 1 0 -1 0 0 0
0 0 0 0 0 0 0 0 1 0 0 1 0 0
0 0 0 0 0 0 0 0 1 0 -1 0 0 0
0 0 0 0 0 0 0 0 1 0 -1 0 0 0
0 0 0 0 0 0 0 0 1 0 -1 0 0 0
0 0 0 0 0 0 0 0 1 0 -1 0 0 0
0 0 0 0 0 0 0 0 1 0 0 0 1 0
0 0 0 0 0 0 0 0 1 0 4 1 0 0
0 0 0 0 0 0 0 0 1 0 1 0 0 0
0 0 0 0 0 0 0 0 1 0 1 1 0 0
0 0 0 0 0 0 0 0 1 0 1 0 0 0
0 0 0 0 0 0 0 0 1 0 1 0 0 0
0 0 0 0 0 0 0 0 1 0 1 1 0 0
0 0 0 0 0 0 0 0 1 0 1 1 0 0
0 0 0 0 0 0 0 0 1 0 1 1 0 0
0 0 0 0 0 0 0 0 1 0 0 1 0 0
0 0 0 0 0 0 0 0 1 0 0 1 0 0
0 0 0 0 0 0 0 0 1 0 0 1 0 0
0 0 0 0 0 0 0 0 1 0 -1 1 0 0
0 0 0 0 0 0 0 0 1 0 -1 1 0 0
0 0 0 0 0 0 0 0 1 0 -1 0 0 0
0 0 0 0 0 0 0 0 1 0 -1 0 0 0
0 0 0 0 0 0 0 0 1 0 -1 -1 0 0
0 0 0 0 0 0 0 0 1 0 -1 -1 0 0
0 0 0 0 0 0 0 0 1 0 -1 0 0 0
0 0 0 0 0 0 0 0 1 0 -1 0 0 0
0 0 0 0 0 0 0 0 1 0 0 0 1 1
