0 0 0 0 0 1 0 0 0 0 12 13 0 0
0 0 0 0 0 1 0 0 0 0 1 0 0 0
0 0 0 0 0 1 0 0 0 0 1 0 0 0
0 0 0 0 0 1 0 0 0 0 0 -1 0 0
0 0 0 0 0 1 0 0 0 0 1 -1 0 0
0 0 0 0 0 1 0 0 0 0 1 -1 0 0
0 0 0 0 0 1 0 0 0 0 1 0 0 0
0 0 0 0 0 1 0 0 0 0 1 -1 0 0
0 0 0 0 0 1 0 0 0 0 1 0 0 0
0 0 0 0 0 1 0 0 0 0 1 0 0 0
0 0 0 0 0 1 0 0 0 0 1 0 0 0
0 0 0 0 0 1 0 0 0 0 1 0 0 0
0 0 0 0 0 1 0 0 0 0 1 0 0 0
0 0 0 0 0 1 0 0 0 0 1 0 0 0
0 0 0 0 0 1 0 0 0 0 0 0 1 0
0 0 0 0 0 1 0 0 0 0 -5 6 0 0
0 0 0 0 0 1 0 0 0 0 -1 0 0 0
0 0 0 0 0 1 0 0 0 0 -1 -1 0 0
0 0 0 0 0 1 0 0 0 0 -1 0 0 0
0 0 0 0 0 1 0 0 0 0 -1 0 0 0
0 0 0 0 0 1 0 0 0 0 0 0 1 0
0 0 0 0 0 1 0 0 0 0 4 2 0 0
0 0 0 0 0 1 0 0 0 0 0 1 0 0
0 0 0 0 0 1 0 0 0 0 -1 1 0 0
0 0 0 0 0 1 0 0 0 0 -1 0 0 0
0 0 0 0 0 1 0 0 0 0 -1 1 0 0
0 0 0 0 0 1 0 0 0 0 -1 0 0 0
0 0 0 0 0 1 0 0 0 0 -1 0 0 0
0 0 0 0 0 1 0 0 0 0 -1 1 0 0
0 0 0 0 0 1 0 0 0 0 -1 0 0 0
0 0 0 0 0 1 0 0 0 0 -1 0 0 0
0 0 0 0 0 1 0 0 0 0 -1 0 0 0
0 0 0 0 0 1 0 0 0 0 -1 0 0 0
0 0 0 0 0 1 0 0 0 0 -1 0 0 0
0 0 0 0 0 1 0 0 0 0 -1 0 0 0
0 0 0 0 0 1 0 0 0 0 -1 0 0 0
0 0 0 0 0 1 0 0 0 0 0 0 1 1
