8 17 0 0
0 1 0 0
1 -1 0 0
0 -1 0 0
1 0 0 0
1 0 0 0
1 -1 0 0
1 -1 0 0
0 -1 0 0
0 -1 0 0
1 0 0 0
0 -1 0 0
1 -1 0 0
1 -1 0 0
1 0 0 0
0 -1 0 0
1 0 0 0
0 -1 0 0
1 0 0 0
0 -1 0 0
0 0 1 0
2 6 0 0
1 0 0 0
1 1 0 0
0 1 0 0
0 1 0 0
-1 1 0 0
-1 0 0 0
0 1 0 0
-1 0 0 0
0 1 0 0
-1 0 0 0
-1 0 0 0
-1 0 0 0
-1 1 0 0
-1 0 0 0
-1 0 0 0
-1 -1 0 0
0 -1 0 0
0 -1 0 0
0 0 1 0
1 -2 0 0
1 0 0 0
1 0 0 0
1 0 0 0
1 -1 0 0
1 0 0 0
1 0 0 0
0 0 1 0
-7 7 0 0
0 1 0 0
-1 0 0 0
-1 0 0 0
-1 0 0 0
-1 0 0 0
-1 0 0 0
-1 0 0 0
0 -1 0 0
0 -1 0 0
0 0 1 1
