10 13 0 0
0 -1 0 0
0 -1 0 0
0 -1 0 0
0 -1 0 0
-1 1 0 0
-1 0 0 0
-1 1 0 0
0 1 0 0
-1 1 0 0
0 1 0 0
0 1 0 0
1 1 0 0
1 1 0 0
1 0 0 0
1 0 0 0
0 1 0 0
0 1 0 0
0 1 0 0
0 1 0 0
1 1 0 0
1 1 0 0
1 0 0 0
1 1 0 0
1 0 0 0
1 0 0 0
1 0 0 0
1 0 0 0
1 -1 0 0
1 0 0 0
1 -1 0 0
1 0 0 0
0 -1 0 0
1 0 0 0
0 -1 0 0
1 0 0 0
0 -1 0 0
0 -1 0 0
0 -1 0 0
0 -1 0 0
0 -1 0 0
0 -1 0 0
-1 0 0 0
0 -1 0 0
-1 0 0 0
-1 -1 0 0
0 -1 0 0
0 -1 0 0
0 -1 0 0
-1 -1 0 0
-1 0 0 0
-1 -1 0 0
-1 0 0 0
-1 0 0 0
-1 0 0 0
-1 1 0 0
-1 0 0 0
-1 0 0 0
-1 0 0 0
0 0 1 0
5 7 0 0
1 0 0 0
1 0 0 0
1 -1 0 0
0 -1 0 0
1 0 0 0
0 -1 0 0
0 0 1 0
-5 4 0 0
-1 0 0 0
-1 0 0 0
-1 1 0 0
-1 0 0 0
0 0 1 1
