0 0 0 0 1 0 0 0 0 0 16 5 0 0
0 0 0 0 1 0 0 0 0 0 0 1 0 0
0 0 0 0 1 0 0 0 0 0 0 1 0 0
0 0 0 0 1 0 0 0 0 0 0 1 0 0
0 0 0 0 1 0 0 0 0 0 0 1 0 0
0 0 0 0 1 0 0 0 0 0 0 1 0 0
0 0 0 0 1 0 0 0 0 0 0 1 0 0
0 0 0 0 1 0 0 0 0 0 0 1 0 0
0 0 0 0 1 0 0 0 0 0 0 1 0 0
0 0 0 0 1 0 0 0 0 0 0 1 0 0
0 0 0 0 1 0 0 0 0 0 0 1 0 0
0 0 0 0 1 0 0 0 0 0 0 1 0 0
0 0 0 0 1 0 0 0 0 0 0 1 0 0
0 0 0 0 1 0 0 0 0 0 1 0 0 0
0 0 0 0 1 0 0 0 0 0 1 0 0 0
0 0 0 0 1 0 0 0 0 0 1 0 0 0
0 0 0 0 1 0 0 0 0 0 1 0 0 0
0 0 0 0 1 0 0 0 0 0 1 -1 0 0
0 0 0 0 1 0 0 0 0 0 1 0 0 0
0 0 0 0 1 0 0 0 0 0 1 0 0 0
0 0 0 0 1 0 0 0 0 0 1 0 0 0
0 0 0 0 1 0 0 0 0 0 0 0 1 0
0 0 0 0 1 0 0 0 0 0 -6 2 0 0
0 0 0 0 1 0 0 0 0 0 0 1 0 0
0 0 0 0 1 0 0 0 0 0 0 1 0 0
0 0 0 0 1 0 0 0 0 0 1 1 0 0
0 0 0 0 1 0 0 0 0 0 0 1 0 0
0 0 0 0 1 0 0 0 0 0 0 1 0 0
0 0 0 0 1 0 0 0 0 0 0 0 1 0
0 0 0 0 1 0 0 0 0 0 -4 -6 0 0
0 0 0 0 1 0 0 0 0 0 -1 0 0 0
0 0 0 0 1 0 0 0 0 0 -1 0 0 0
0 0 0 0 1 0 0 0 0 0 -1 0 0 0
0 0 0 0 1 0 0 0 0 0 -1 0 0 0
0 0 0 0 1 0 0 0 0 0 -1 0 0 0
0 0 0 0 1 0 0 0 0 0 -1 0 0 0
0 0 0 0 1 0 0 0 0 0 0 -1 0 0
0 0 0 0 1 0 0 0 0 0 0 -1 0 0
0 0 0 0 1 0 0 0 0 0 1 -1 0 0
0 0 0 0 1 0 0 0 0 0 1 -1 0 0
0 0 0 0 1 0 0 0 0 0 1 -1 0 0
0 0 0 0 1 0 0 0 0 0 1 -1 0 0
0 0 0 0 1 0 0 0 0 0 1 -1 0 0
0 0 0 0 1 0 0 0 0 0 1 0 0 0
0 0 0 0 1 0 0 0 0 0 0 0 1 1
