0 0 0 0 0 0 0 1 0 0 10 15 0 0
0 0 0 0 0 0 0 1 0 0 0 -1 0 0
0 0 0 0 0 0 0 1 0 0 -1 -1 0 0
0 0 0 0 0 0 0 1 0 0 0 -1 0 0
0 0 0 0 0 0 0 1 0 0 1 -1 0 0
0 0 0 0 0 0 0 1 0 0 0 -1 0 0
0 0 0 0 0 0 0 1 0 0 1 0 0 0
0 0 0 0 0 0 0 1 0 0 1 0 0 0
0 0 0 0 0 0 0 1 0 0 0 -1 0 0
0 0 0 0 0 0 0 1 0 0 1 0 0 0
0 0 0 0 0 0 0 1 0 0 1 0 0 0
0 0 0 0 0 0 0 1 0 0 1 0 0 0
0 0 0 0 0 0 0 1 0 0 0 -1 0 0
0 0 0 0 0 0 0 1 0 0 1 0 0 0
0 0 0 0 0 0 0 1 0 0 1 0 0 0
0 0 0 0 0 0 0 1 0 0 1 0 0 0
0 0 0 0 0 0 0 1 0 0 0 1 0 0
0 0 0 0 0 0 0 1 0 0 0 1 0 0
0 0 0 0 0 0 0 1 0 0 0 1 0 0
0 0 0 0 0 0 0 1 0 0 0 1 0 0
0 0 0 0 0 0 0 1 0 0 -1 1 0 0
0 0 0 0 0 0 0 1 0 0 0 1 0 0
0 0 0 0 0 0 0 1 0 0 0 1 0 0
0 0 0 0 0 0 0 1 0 0 0 1 0 0
0 0 0 0 0 0 0 1 0 0 -1 1 0 0
0 0 0 0 0 0 0 1 0 0 0 1 0 0
0 0 0 0 0 0 0 1 0 0 0 1 0 0
0 0 0 0 0 0 0 1 0 0 0 1 0 0
0 0 0 0 0 0 0 1 0 0 -1 0 0 0
0 0 0 0 0 0 0 1 0 0 -1 0 0 0
0 0 0 0 0 0 0 1 0 0 -1 0 0 0
0 0 0 0 0 0 0 1 0 0 -1 0 0 0
0 0 0 0 0 0 0 1 0 0 -1 0 0 0
0 0 0 0 0 0 0 1 0 0 -1 0 0 0
0 0 0 0 0 0 0 1 0 0 0 0 1 0
0 0 0 0 0 0 0 1 0 0 6 1 0 0
0 0 0 0 0 0 0 1 0 0 0 1 0 0
0 0 0 0 0 0 0 1 0 0 0 1 0 0
0 0 0 0 0 0 0 1 0 0 0 1 0 0
0 0 0 0 0 0 0 1 0 0 0 1 0 0
0 0 0 0 0 0 0 1 0 0 0 0 1 0
0 0 0 0 0 0 0 1 0 0 1 -5 0 0
0 0 0 0 0 0 0 1 0 0 1 0 0 0
0 0 0 0 0 0 0 1 0 0 1 0 0 0
0 0 0 0 0 0 0 1 0 0 1 0 0 0
0 0 0 0 0 0 0 1 0 0 1 0 0 0
0 0 0 0 0 0 0 1 0 0 -2 -13 0 0
0 0 0 0 0 0 0 1 0 0 0 0 1 1
