8 9 0 0
1 0 0 0
1 0 0 0
1 0 0 0
1 0 0 0
0 -1 0 0
1 0 0 0
1 0 0 0
1 0 0 0
1 0 0 0
1 -1 0 0
1 0 0 0
1 0 0 0
1 0 0 0
0 -1 0 0
1 0 0 0
1 0 0 0
0 0 1 0
-4 8 0 0
1 1 0 0
1 0 0 0
0 1 0 0
1 0 0 0
0 1 0 0
0 1 0 0
0 1 0 0
0 1 0 0
0 1 0 0
-1 1 0 0
0 1 0 0
-1 0 0 0
0 1 0 0
-1 0 0 0
-1 0 0 0
-1 0 0 0
-1 0 0 0
-1 0 0 0
-1 0 0 0
0 0 1 0
-1 -7 0 0
-1 0 0 0
-1 0 0 0
-1 0 0 0
0 -1 0 0
1 -1 0 0
0 -1 0 0
1 -1 0 0
0 -1 0 0
0 -1 0 0
1 0 0 0
0 -1 0 0
0 0 1 0
2 5 0 0
1 0 0 0
1 0 0 0
1 0 0 0
0 0 1 0
-3 1 0 0
-1 0 0 0
-1 0 0 0
0 0 1 1
