0 0 0 0 0 0 0 0 0 1 16 27 0 0
0 0 0 0 0 0 0 0 0 1 0 -1 0 0
0 0 0 0 0 0 0 0 0 1 0 -1 0 0
0 0 0 0 0 0 0 0 0 1 0 -1 0 0
0 0 0 0 0 0 0 0 0 1 1 0 0 0
0 0 0 0 0 0 0 0 0 1 0 -1 0 0
0 0 0 0 0 0 0 0 0 1 0 -1 0 0
0 0 0 0 0 0 0 0 0 1 0 -1 0 0
0 0 0 0 0 0 0 0 0 1 0 -1 0 0
0 0 0 0 0 0 0 0 0 1 0 -1 0 0
0 0 0 0 0 0 0 0 0 1 0 -1 0 0
0 0 0 0 0 0 0 0 0 1 0 -1 0 0
0 0 0 0 0 0 0 0 0 1 0 -1 0 0
0 0 0 0 0 0 0 0 0 1 0 -1 0 0
0 0 0 0 0 0 0 0 0 1 1 -1 0 0
0 0 0 0 0 0 0 0 0 1 0 -1 0 0
0 0 0 0 0 0 0 0 0 1 0 -1 0 0
0 0 0 0 0 0 0 0 0 1 0 -1 0 0
0 0 0 0 0 0 0 0 0 1 0 -1 0 0
0 0 0 0 0 0 0 0 0 1 -1 0 0 0
0 0 0 0 0 0 0 0 0 1 -1 -1 0 0
0 0 0 0 0 0 0 0 0 1 -1 0 0 0
0 0 0 0 0 0 0 0 0 1 -1 0 0 0
0 0 0 0 0 0 0 0 0 1 -1 0 0 0
0 0 0 0 0 0 0 0 0 1 -1 1 0 0
0 0 0 0 0 0 0 0 0 1 -1 1 0 0
0 0 0 0 0 0 0 0 0 1 0 1 0 0
0 0 0 0 0 0 0 0 0 1 0 1 0 0
0 0 0 0 0 0 0 0 0 1 -1 0 0 0
0 0 0 0 0 0 0 0 0 1 0 1 0 0
0 0 0 0 0 0 0 0 0 1 0 1 0 0
0 0 0 0 0 0 0 0 0 1 1 1 0 0
0 0 0 0 0 0 0 0 0 1 0 1 0 0
0 0 0 0 0 0 0 0 0 1 1 0 0 0
0 0 0 0 0 0 0 0 0 1 1 0 0 0
0 0 0 0 0 0 0 0 0 1 1 0 0 0
0 0 0 0 0 0 0 0 0 1 1 0 0 0
0 0 0 0 0 0 0 0 0 1 1 0 0 0
0 0 0 0 0 0 0 0 0 1 0 0 1 1
