0 0 0 0 0 0 0 0 1 0 19 6 0 0
0 0 0 0 0 0 0 0 1 0 1 1 0 0
0 0 0 0 0 0 0 0 1 0 1 1 0 0
0 0 0 0 0 0 0 0 1 0 1 0 0 0
0 0 0 0 0 0 0 0 1 0 0 1 0 0
0 0 0 0 0 0 0 0 1 0 0 1 0 0
0 0 0 0 0 0 0 0 1 0 0 1 0 0
0 0 0 0 0 0 0 0 1 0 0 1 0 0
0 0 0 0 0 0 0 0 1 0 0 1 0 0
0 0 0 0 0 0 0 0 1 0 -1 0 0 0
0 0 0 0 0 0 0 0 1 0 -1 0 0 0
0 0 0 0 0 0 0 0 1 0 -1 1 0 0
0 0 0 0 0 0 0 0 1 0 -1 1 0 0
0 0 0 0 0 0 0 0 1 0 -1 1 0 0
0 0 0 0 0 0 0 0 1 0 -1 0 0 0
0 0 0 0 0 0 0 0 1 0 -1 1 0 0
0 0 0 0 0 0 0 0 1 0 0 1 0 0
0 0 0 0 0 0 0 0 1 0 -1 0 0 0
0 0 0 0 0 0 0 0 1 0 0 1 0 0
0 0 0 0 0 0 0 0 1 0 -1 0 0 0
0 0 0 0 0 0 0 0 1 0 -1 0 0 0
0 0 0 0 0 0 0 0 1 0 0 -1 0 0
0 0 0 0 0 0 0 0 1 0 -1 -1 0 0
0 0 0 0 0 0 0 0 1 0 0 -1 0 0
0 0 0 0 0 0 0 0 1 0 0 -1 0 0
0 0 0 0 0 0 0 0 1 0 -1 -1 0 0
0 0 0 0 0 0 0 0 1 0 0 -1 0 0
0 0 0 0 0 0 0 0 1 0 0 -1 0 0
0 0 0 0 0 0 0 0 1 0 0 -1 0 0
0 0 0 0 0 0 0 0 1 0 1 -1 0 0
0 0 0 0 0 0 0 0 1 0 1 -1 0 0
0 0 0 0 0 0 0 0 1 0 1 0 0 0
0 0 0 0 0 0 0 0 1 0 1 0 0 0
0 0 0 0 0 0 0 0 1 0 1 0 0 0
0 0 0 0 0 0 0 0 1 0 1 0 0 0
0 0 0 0 0 0 0 0 1 0 1 0 0 0
0 0 0 0 0 0 0 0 1 0 1 1 0 0
0 0 0 0 0 0 0 0 1 0 0 0 1 0
0 0 0 0 0 0 0 0 1 0 -3 10 0 0
0 0 0 0 0 0 0 0 1 0 0 1 0 0
0 0 0 0 0 0 0 0 1 0 1 1 0 0
0 0 0 0 0 0 0 0 1 0 1 0 0 0
0 0 0 0 0 0 0 0 1 0 1 1 0 0
0 0 0 0 0 0 0 0 1 0 0 0 1 0
0 0 0 0 0 0 0 0 1 0 -7 -3 0 0
0 0 0 0 0 0 0 0 1 0 -1 0 0 0
0 0 0 0 0 0 0 0 1 0 -1 1 0 0
0 0 0 0 0 0 0 0 1 0 -1 1 0 0
0 0 0 0 0 0 0 0 1 0 -1 0 0 0
0 0 0 0 0 0 0 0 1 0 0 0 1 1
