0 0 0 1 0 0 0 0 0 0 15 5 0 0
0 0 0 1 0 0 0 0 0 0 1 0 0 0
0 0 0 1 0 0 0 0 0 0 1 -1 0 0
0 0 0 1 0 0 0 0 0 0 1 1 0 0
0 0 0 1 0 0 0 0 0 0 1 0 0 0
0 0 0 1 0 0 0 0 0 0 0 1 0 0
0 0 0 1 0 0 0 0 0 0 0 1 0 0
0 0 0 1 0 0 0 0 0 0 0 1 0 0
0 0 0 1 0 0 0 0 0 0 0 1 0 0
0 0 0 1 0 0 0 0 0 0 0 1 0 0
0 0 0 1 0 0 0 0 0 0 -1 1 0 0
0 0 0 1 0 0 0 0 0 0 -1 1 0 0
0 0 0 1 0 0 0 0 0 0 -1 0 0 0
0 0 0 1 0 0 0 0 0 0 -1 0 0 0
0 0 0 1 0 0 0 0 0 0 0 0 1 0
0 0 0 1 0 0 0 0 0 0 3 1 0 0
0 0 0 1 0 0 0 0 0 0 0 1 0 0
0 0 0 1 0 0 0 0 0 0 0 1 0 0
0 0 0 1 0 0 0 0 0 0 0 1 0 0
0 0 0 1 0 0 0 0 0 0 0 1 0 0
0 0 0 1 0 0 0 0 0 0 0 1 0 0
0 0 0 1 0 0 0 0 0 0 -1 1 0 0
0 0 0 1 0 0 0 0 0 0 0 1 0 0
0 0 0 1 0 0 0 0 0 0 -1 0 0 0
0 0 0 1 0 0 0 0 0 0 -1 1 0 0
0 0 0 1 0 0 0 0 0 0 -1 0 0 0
0 0 0 1 0 0 0 0 0 0 -1 0 0 0
0 0 0 1 0 0 0 0 0 0 -1 0 0 0
0 0 0 1 0 0 0 0 0 0 -1 0 0 0
0 0 0 1 0 0 0 0 0 0 -1 0 0 0
0 0 0 1 0 0 0 0 0 0 -1 0 0 0
0 0 0 1 0 0 0 0 0 0 -1 0 0 0
0 0 0 1 0 0 0 0 0 0 -1 -1 0 0
0 0 0 1 0 0 0 0 0 0 -1 0 0 0
0 0 0 1 0 0 0 0 0 0 0 0 1 1
