0 0 0 0 0 1 0 0 0 0 6 18 0 0
0 0 0 0 0 1 0 0 0 0 1 1 0 0
0 0 0 0 0 1 0 0 0 0 1 1 0 0
0 0 0 0 0 1 0 0 0 0 1 0 0 0
0 0 0 0 0 1 0 0 0 0 1 0 0 0
0 0 0 0 0 1 0 0 0 0 1 0 0 0
0 0 0 0 0 1 0 0 0 0 1 0 0 0
0 0 0 0 0 1 0 0 0 0 1 0 0 0
0 0 0 0 0 1 0 0 0 0 1 0 0 0
0 0 0 0 0 1 0 0 0 0 1 -1 0 0
0 0 0 0 0 1 0 0 0 0 1 0 0 0
0 0 0 0 0 1 0 0 0 0 1 0 0 0
0 0 0 0 0 1 0 0 0 0 1 0 0 0
0 0 0 0 0 1 0 0 0 0 0 0 1 0
0 0 0 0 0 1 0 0 0 0 5 -3 0 0
0 0 0 0 0 1 0 0 0 0 0 -1 0 0
0 0 0 0 0 1 0 0 0 0 0 -1 0 0
0 0 0 0 0 1 0 0 0 0 -1 -1 0 0
0 0 0 0 0 1 0 0 0 0 -1 0 0 0
0 0 0 0 0 1 0 0 0 0 -1 0 0 0
0 0 0 0 0 1 0 0 0 0 -1 0 0 0
0 0 0 0 0 1 0 0 0 0 -1 0 0 0
0 0 0 0 0 1 0 0 0 0 -1 -1 0 0
0 0 0 0 0 1 0 0 0 0 -1 0 0 0
0 0 0 0 0 1 0 0 0 0 0 -1 0 0
0 0 0 0 0 1 0 0 0 0 1 -1 0 0
0 0 0 0 0 1 0 0 0 0 0 -1 0 0
0 0 0 0 0 1 0 0 0 0 1 -1 0 0
0 0 0 0 0 1 0 0 0 0 1 0 0 0
0 0 0 0 0 1 0 0 0 0 1 -1 0 0
0 0 0 0 0 1 0 0 0 0 1 -1 0 0
0 0 0 0 0 1 0 0 0 0 0 0 1 0
0 0 0 0 0 1 0 0 0 0 -6 6 0 0
0 0 0 0 0 1 0 0 0 0 -1 0 0 0
0 0 0 0 0 1 0 0 0 0 -1 0 0 0
0 0 0 0 0 1 0 0 0 0 0 0 1 1
